175.633	89.8
175.959	89.4
176.286	89.2
176.612	89.6
176.939	89.0
177.265	91.5
177.592	91.3
177.919	89.6
178.245	90.6
178.572	90.9
178.899	87.5
179.226	93.0
179.553	91.8
179.879	92.7
180.206	90.7
180.533	90.7
180.860	91.5
181.187	90.5
181.514	89.7
181.841	92.1
182.168	92.0
182.496	91.1
182.823	95.5
183.150	90.7
183.477	93.7
183.805	93.4
184.132	94.9
184.459	93.0
184.787	90.4
185.114	94.8
185.442	93.9
185.769	93.1
186.097	96.1
186.424	97.2
186.752	98.4
187.079	97.4
187.407	96.1
187.735	95.7
188.063	93.9
188.390	96.2
188.718	93.0
189.046	93.7
189.374	94.2
189.702	95.3
190.030	96.9
190.358	94.6
190.686	93.8
191.014	93.1
191.342	93.9
191.670	93.9
191.999	94.2
192.327	94.3
192.655	96.4
192.983	95.0
193.312	98.7
193.640	96.1
193.968	95.5
194.297	94.0
194.625	95.3
194.954	96.2
195.282	98.2
195.611	99.8
195.940	99.1
196.268	96.3
196.597	96.4
196.926	97.3
197.254	98.4
197.583	98.3
197.912	100.3
198.241	97.2
198.570	95.7
198.899	97.7
199.228	99.0
199.557	95.0
199.886	96.4
200.215	93.1
200.544	98.2
200.873	98.3
201.202	98.1
201.531	94.6
201.861	100.7
202.190	100.6
202.519	98.2
202.849	98.7
203.178	98.1
203.507	99.6
203.837	98.6
204.166	99.7
204.496	100.5
204.826	101.6
205.155	98.9
205.485	101.1
205.814	100.7
206.144	99.8
206.474	101.0
206.804	98.4
207.133	100.2
207.463	99.3
207.793	99.7
208.123	99.9
208.453	103.0
208.783	101.5
209.113	101.5
209.443	103.0
209.773	99.5
210.103	100.6
210.433	100.9
210.764	99.8
211.094	100.2
211.424	102.1
211.754	101.3
212.085	101.3
212.415	104.9
212.746	99.5
213.076	94.9
213.407	95.3
213.737	101.3
214.068	100.1
214.398	100.4
214.729	100.8
215.059	96.7
215.390	101.2
215.721	95.9
216.052	96.9
216.382	97.9
216.713	95.9
217.044	99.4
217.375	99.8
217.706	98.1
218.037	98.7
218.368	97.3
218.699	100.3
219.030	97.8
219.361	99.1
219.692	100.1
220.023	100.1
220.355	99.5
220.686	101.2
221.017	99.6
221.348	99.5
221.680	99.5
222.011	101.5
222.343	99.5
222.674	101.3
223.006	102.8
223.337	104.3
223.669	100.5
224.000	98.4
224.332	100.8
224.663	100.2
224.995	100.4
225.327	101.4
225.659	98.3
225.990	101.5
226.322	101.0
226.654	102.6
226.986	102.3
227.318	103.1
227.650	101.8
227.982	102.8
228.314	101.1
228.646	101.2
228.978	100.5
229.310	102.6
229.642	102.0
229.975	102.0
230.307	101.0
230.639	99.7
230.972	99.6
231.304	100.6
231.636	100.8
231.969	99.9
232.301	102.6
232.634	101.0
232.966	101.9
233.299	101.5
233.631	103.2
233.964	103.4
234.297	103.3
234.629	99.2
234.962	101.4
235.295	103.2
235.628	102.1
235.960	102.5
236.293	103.3
236.626	102.2
236.959	102.7
237.292	104.2
237.625	101.5
237.958	103.4
238.291	103.2
238.624	103.5
238.957	103.5
239.291	103.3
239.624	101.5
239.957	104.7
240.290	102.9
240.624	103.5
240.957	102.3
241.290	102.6
241.624	105.3
241.957	101.5
242.291	104.3
242.624	100.5
242.958	105.3
243.291	105.1
243.625	105.8
243.959	105.8
244.292	106.9
244.626	106.0
244.960	105.5
245.293	103.3
245.627	102.0
245.961	106.4
246.295	104.5
246.629	107.3
246.963	101.7
247.297	104.5
247.631	105.1
247.965	103.1
248.299	104.7
248.633	104.1
248.967	105.4
249.302	104.2
249.636	103.0
249.970	104.5
250.304	104.2
250.639	101.7
250.973	103.4
251.307	103.4
251.642	105.2
251.976	107.5
252.311	105.1
252.645	106.6
252.980	109.9
253.314	106.3
253.649	106.8
253.984	102.3
254.318	104.1
254.653	105.5
254.988	105.6
255.323	105.5
255.658	105.7
255.992	106.7
256.327	107.0
256.662	105.2
256.997	103.1
257.332	104.9
257.667	105.5
258.002	106.1
258.338	103.8
258.673	105.0
259.008	103.7
259.343	105.5
259.678	104.2
260.014	106.3
260.349	103.1
260.684	105.6
261.020	106.2
261.355	105.3
261.690	106.6
262.026	108.7
262.361	105.7
262.697	106.1
263.032	105.4
263.368	106.1
263.704	104.7
264.039	106.5
264.375	103.5
264.711	106.1
265.047	102.8
265.382	106.6
265.718	111.7
266.054	107.6
266.390	108.6
266.726	106.5
267.062	108.6
267.398	107.2
267.734	106.5
268.070	107.1
268.406	107.6
268.742	106.4
269.079	107.7
269.415	110.3
269.751	106.7
270.087	106.4
270.424	106.6
270.760	107.7
271.096	105.0
271.433	106.9
271.769	106.3
272.106	109.2
272.442	105.3
272.779	109.2
273.115	106.6
273.452	106.6
273.789	108.0
274.125	104.6
274.462	104.9
274.799	109.2
275.135	108.9
275.472	107.5
275.809	106.9
276.146	107.5
276.483	110.0
276.820	107.0
277.157	108.7
277.494	107.4
277.831	107.1
278.168	106.8
278.505	106.4
278.842	105.2
279.179	105.5
279.516	108.6
279.854	108.0
280.191	108.6
280.528	106.5
280.866	106.4
281.203	107.1
281.540	108.8
281.878	108.1
282.215	107.5
282.553	107.7
282.890	109.1
283.228	107.0
283.566	108.5
283.903	110.6
284.241	111.0
284.579	109.7
284.916	109.5
285.254	107.5
285.592	106.0
285.930	108.9
286.268	109.3
286.605	108.0
286.943	110.8
287.281	111.4
287.619	109.2
287.957	108.0
288.295	110.3
288.633	110.3
288.972	109.9
289.310	109.3
289.648	113.6
289.986	112.8
290.324	113.0
290.663	110.1
291.001	110.8
291.339	111.8
291.678	111.0
292.016	109.0
292.355	107.9
292.693	107.5
293.032	110.2
293.370	109.4
293.709	110.5
294.047	107.6
294.386	108.0
294.725	108.7
295.063	110.7
295.402	110.3
295.741	110.6
296.080	105.9
296.419	110.5
296.758	110.8
297.096	110.1
297.435	109.0
297.774	110.9
298.113	114.2
298.452	112.5
298.791	112.0
299.131	112.7
299.470	111.9
299.809	114.0
300.148	110.8
300.487	112.1
300.827	113.4
301.166	110.0
301.505	110.7
301.845	111.9
302.184	110.5
302.523	110.9
302.863	109.6
303.202	110.6
303.542	109.5
303.881	110.9
304.221	112.0
304.561	112.9
304.900	111.5
305.240	113.5
305.580	113.8
305.920	113.5
306.259	111.2
306.599	112.1
306.939	111.9
307.279	110.7
307.619	113.5
307.959	111.7
308.299	109.7
308.639	109.5
308.979	113.7
309.319	111.7
309.659	112.8
309.999	113.0
310.339	110.8
310.679	111.9
311.020	112.9
311.360	112.5
311.700	113.4
312.041	111.0
312.381	110.6
312.721	111.1
313.062	113.3
313.402	112.3
313.743	109.9
314.083	113.1
314.424	110.7
314.764	111.4
315.105	110.8
315.446	110.6
315.786	109.0
316.127	111.1
316.468	110.3
316.809	112.4
317.149	110.6
317.490	111.0
317.831	112.2
318.172	113.3
318.513	115.8
318.854	114.4
319.195	111.6
319.536	116.1
319.877	115.5
320.218	117.8
320.559	116.0
320.901	115.2
321.242	111.7
321.583	114.8
321.924	117.1
322.266	116.2
322.607	115.4
322.948	117.7
323.290	116.8
323.631	118.3
323.972	121.5
324.314	117.7
324.655	119.2
324.997	119.5
325.339	118.1
325.680	118.2
326.022	116.1
326.364	117.6
326.705	118.3
327.047	119.8
327.389	116.0
327.731	118.4
328.072	117.9
328.414	117.3
328.756	118.3
329.098	118.5
329.440	121.1
329.782	121.5
330.124	119.3
330.466	123.3
330.808	123.9
331.150	123.8
331.492	118.7
331.835	122.0
332.177	122.5
332.519	121.6
332.861	120.8
333.204	122.6
333.546	120.6
333.888	123.2
334.231	122.6
334.573	124.1
334.916	124.0
335.258	125.2
335.601	126.9
335.943	125.0
336.286	123.8
336.628	126.9
336.971	127.6
337.314	129.3
337.657	128.5
337.999	132.3
338.342	131.7
338.685	130.4
339.028	132.8
339.371	132.3
339.714	131.4
340.056	134.5
340.399	132.9
340.742	130.7
341.085	129.4
341.429	129.5
341.772	137.0
342.115	132.2
342.458	135.6
342.801	138.3
343.144	133.6
343.488	137.2
343.831	136.2
344.174	138.8
344.517	140.9
344.861	142.5
345.204	148.3
345.548	141.5
345.891	142.9
346.235	145.4
346.578	145.6
346.922	147.0
347.265	145.8
347.609	147.3
347.953	147.3
348.296	148.7
348.640	149.5
348.984	151.8
349.328	153.8
349.671	155.4
350.015	154.8
350.359	154.1
350.703	157.6
351.047	160.9
351.391	158.3
351.735	160.8
352.079	157.7
352.423	159.8
352.767	164.3
353.111	163.1
353.455	166.6
353.800	161.8
354.144	165.4
354.488	168.5
354.832	168.6
355.177	167.7
355.521	168.5
355.865	170.3
356.210	172.8
356.554	173.5
356.899	175.9
357.243	178.3
357.588	175.1
357.932	181.1
358.277	178.1
358.621	179.9
358.966	180.0
359.311	183.2
359.655	185.0
360.000	184.7
360.345	185.2
360.690	186.2
361.035	182.3
361.379	186.9
361.724	186.9
362.069	187.6
362.414	184.5
362.759	189.0
363.104	190.9
363.449	194.0
363.794	196.8
364.139	194.2
364.485	195.8
364.830	198.5
365.175	203.8
365.520	212.2
365.865	212.6
366.211	210.0
366.556	203.6
366.901	203.2
367.247	198.3
367.592	200.0
367.938	200.9
368.283	203.3
368.629	204.5
368.974	205.5
369.320	204.2
369.665	202.5
370.011	205.1
370.357	204.4
370.702	205.4
371.048	206.4
371.394	209.1
371.740	208.5
372.085	207.4
372.431	208.9
372.777	209.8
373.123	212.5
373.469	212.1
373.815	214.2
374.161	210.4
374.507	211.6
374.853	218.5
375.199	213.6
375.545	216.2
375.891	219.4
376.238	216.1
376.584	217.9
376.930	220.7
377.276	221.4
377.623	220.1
377.969	221.8
378.315	223.4
378.662	222.8
379.008	222.1
379.355	228.2
379.701	230.3
380.048	231.0
380.394	230.0
380.741	230.7
381.087	232.9
381.434	231.3
381.781	234.5
382.127	235.4
382.474	235.7
382.821	239.1
383.168	241.3
383.514	243.1
383.861	245.6
384.208	245.5
384.555	246.1
384.902	249.7
385.249	251.1
385.596	250.9
385.943	255.7
386.290	258.3
386.637	258.1
386.984	260.8
387.331	263.4
387.679	266.0
388.026	270.8
388.373	271.1
388.720	275.1
389.068	272.5
389.415	276.1
389.762	280.7
390.110	284.8
390.457	287.4
390.804	287.1
391.152	292.4
391.499	293.4
391.847	297.7
392.195	300.4
392.542	305.5
392.890	307.7
393.237	310.6
393.585	312.2
393.933	317.7
394.281	318.4
394.628	324.7
394.976	327.6
395.324	333.7
395.672	333.8
396.020	340.9
396.368	334.8
396.716	342.2
397.064	348.9
397.412	351.7
397.760	358.3
398.108	356.9
398.456	361.7
398.804	364.5
399.152	369.3
399.500	373.2
399.849	377.8
400.197	380.9
400.545	389.2
400.893	394.2
401.242	393.9
401.590	401.5
401.939	402.1
402.287	407.2
402.635	408.4
402.984	417.0
403.332	417.0
403.681	425.4
404.030	433.5
404.378	451.9
404.727	483.2
405.075	546.6
405.424	559.1
405.773	518.7
406.122	458.9
406.470	449.1
406.819	454.6
407.168	458.5
407.517	458.8
407.866	468.7
408.215	478.5
408.564	480.0
408.913	477.5
409.262	480.2
409.611	481.4
409.960	483.7
410.309	484.8
410.658	491.6
411.007	492.0
411.357	495.5
411.706	499.2
412.055	503.7
412.404	508.1
412.754	508.7
413.103	509.8
413.452	517.8
413.802	515.9
414.151	520.2
414.501	523.9
414.850	525.1
415.200	531.2
415.549	536.0
415.899	537.4
416.248	536.8
416.598	541.9
416.948	542.8
417.297	545.6
417.647	547.8
417.997	552.7
418.347	551.0
418.697	550.9
419.046	557.8
419.396	563.7
419.746	565.3
420.096	565.9
420.446	566.0
420.796	568.5
421.146	572.4
421.496	575.5
421.846	574.3
422.196	582.3
422.546	578.9
422.897	585.3
423.247	586.8
423.597	592.9
423.947	588.0
424.298	594.1
424.648	591.0
424.998	588.0
425.349	597.5
425.699	595.4
426.049	599.7
426.400	604.4
426.750	606.8
427.101	607.5
427.451	607.6
427.802	611.0
428.153	614.9
428.503	611.9
428.854	620.2
429.205	618.4
429.555	625.0
429.906	621.5
430.257	624.9
430.608	630.8
430.958	627.8
431.309	636.1
431.660	633.5
432.011	630.9
432.362	636.6
432.713	639.1
433.064	638.5
433.415	641.5
433.766	645.6
434.117	651.3
434.468	654.2
434.819	658.4
435.171	665.2
435.522	711.7
435.873	816.8
436.224	1012.9
436.576	1050.6
436.927	897.6
437.278	705.2
437.630	663.3
437.981	660.4
438.333	657.4
438.684	655.2
439.035	655.9
439.387	655.8
439.739	659.5
440.090	656.0
440.442	657.6
440.793	663.7
441.145	667.2
441.497	675.4
441.848	682.4
442.200	683.9
442.552	689.8
442.904	704.5
443.256	706.1
443.607	710.6
443.959	712.2
444.311	712.1
444.663	718.4
445.015	718.7
445.367	728.2
445.719	730.2
446.071	733.5
446.423	736.2
446.776	742.7
447.128	750.3
447.480	752.4
447.832	751.6
448.184	761.1
448.537	765.1
448.889	771.0
449.241	780.8
449.594	783.1
449.946	788.4
450.298	787.6
450.651	796.0
451.003	800.6
451.356	810.4
451.708	815.7
452.061	817.2
452.413	824.0
452.766	829.3
453.119	838.4
453.471	837.7
453.824	852.7
454.177	853.9
454.529	858.8
454.882	870.6
455.235	878.0
455.588	881.5
455.941	888.2
456.294	886.1
456.647	900.7
456.999	902.9
457.352	913.8
457.705	923.5
458.058	925.9
458.412	935.2
458.765	943.7
459.118	950.9
459.471	950.4
459.824	964.3
460.177	966.4
460.530	984.1
460.884	983.5
461.237	995.3
461.590	1002.3
461.944	1010.9
462.297	1021.6
462.650	1022.2
463.004	1034.8
463.357	1038.0
463.711	1044.9
464.064	1061.6
464.418	1065.4
464.771	1072.0
465.125	1080.5
465.479	1091.7
465.832	1095.3
466.186	1101.8
466.540	1114.8
466.893	1120.6
467.247	1131.4
467.601	1142.4
467.955	1147.9
468.309	1160.2
468.662	1163.2
469.016	1171.2
469.370	1182.7
469.724	1191.6
470.078	1193.4
470.432	1205.4
470.786	1209.6
471.140	1223.7
471.494	1233.7
471.849	1244.6
472.203	1246.7
472.557	1257.3
472.911	1267.3
473.265	1275.9
473.620	1276.7
473.974	1294.7
474.328	1296.3
474.682	1309.7
475.037	1312.2
475.391	1322.7
475.746	1338.2
476.100	1345.8
476.455	1348.3
476.809	1360.3
477.164	1361.2
477.518	1370.9
477.873	1381.1
478.227	1387.8
478.582	1399.2
478.937	1397.6
479.291	1411.9
479.646	1424.4
480.001	1425.5
480.356	1434.4
480.711	1445.4
481.065	1455.9
481.420	1455.4
481.775	1472.1
482.130	1475.7
482.485	1485.8
482.840	1496.2
483.195	1505.1
483.550	1519.3
483.905	1523.3
484.260	1537.6
484.615	1556.9
484.970	1562.7
485.326	1583.3
485.681	1585.1
486.036	1609.5
486.391	1618.8
486.747	1629.5
487.102	1635.2
487.457	1650.2
487.813	1655.1
488.168	1657.3
488.523	1655.2
488.879	1653.2
489.234	1659.5
489.590	1668.7
489.945	1671.6
490.301	1663.9
490.656	1666.7
491.012	1669.2
491.368	1667.5
491.723	1667.7
492.079	1680.5
492.435	1673.2
492.791	1679.0
493.146	1686.2
493.502	1682.3
493.858	1676.5
494.214	1685.0
494.570	1680.6
494.926	1685.3
495.281	1680.5
495.637	1687.9
495.993	1668.4
496.349	1675.9
496.705	1679.5
497.062	1688.8
497.418	1683.1
497.774	1683.6
498.130	1684.6
498.486	1685.0
498.842	1685.4
499.199	1678.7
499.555	1685.4
499.911	1679.3
500.267	1684.3
500.624	1673.7
500.980	1676.2
501.337	1673.7
501.693	1678.3
502.049	1680.1
502.406	1685.9
502.762	1669.4
503.119	1672.3
503.475	1678.1
503.832	1677.7
504.189	1679.5
504.545	1674.9
504.902	1675.8
505.259	1682.6
505.615	1672.6
505.972	1675.1
506.329	1669.2
506.686	1677.6
507.043	1667.4
507.399	1683.5
507.756	1674.9
508.113	1666.0
508.470	1690.0
508.827	1684.9
509.184	1675.1
509.541	1675.6
509.898	1684.7
510.255	1678.7
510.612	1679.3
510.969	1685.0
511.327	1688.2
511.684	1687.3
512.041	1681.8
512.398	1686.5
512.755	1676.9
513.113	1690.3
513.470	1691.5
513.827	1679.4
514.185	1680.0
514.542	1685.0
514.900	1692.6
515.257	1684.6
515.614	1686.9
515.972	1691.8
516.329	1692.2
516.687	1702.9
517.045	1690.4
517.402	1684.9
517.760	1697.5
518.117	1693.2
518.475	1698.3
518.833	1699.0
519.191	1699.7
519.548	1707.4
519.906	1704.3
520.264	1704.3
520.622	1704.4
520.980	1711.7
521.338	1718.1
521.695	1712.3
522.053	1720.2
522.411	1718.6
522.769	1723.6
523.127	1725.3
523.485	1718.4
523.844	1736.5
524.202	1737.5
524.560	1736.0
524.918	1741.8
525.276	1754.9
525.634	1742.6
525.993	1747.4
526.351	1754.0
526.709	1762.3
527.067	1756.8
527.426	1759.7
527.784	1772.4
528.143	1774.3
528.501	1778.8
528.859	1777.5
529.218	1793.1
529.576	1789.6
529.935	1791.3
530.293	1799.3
530.652	1816.7
531.011	1810.5
531.369	1821.4
531.728	1825.8
532.087	1829.9
532.445	1836.5
532.804	1853.2
533.163	1853.2
533.522	1860.3
533.880	1861.6
534.239	1859.3
534.598	1884.8
534.957	1891.0
535.316	1895.3
535.675	1901.9
536.034	1912.8
536.393	1917.7
536.752	1927.5
537.111	1948.5
537.470	1948.9
537.829	1952.1
538.188	1966.8
538.547	1990.2
538.907	2012.1
539.266	2029.9
539.625	2037.9
539.984	2050.5
540.344	2081.2
540.703	2110.6
541.062	2131.4
541.422	2174.1
541.781	2237.3
542.140	2300.2
542.500	2380.6
542.859	2436.0
543.219	2432.1
543.578	2430.9
543.938	2445.4
544.297	2455.2
544.657	2463.0
545.017	2445.1
545.376	2440.6
545.736	2452.5
546.096	2519.0
546.455	2630.4
546.815	2600.0
547.175	2483.4
547.535	2339.5
547.895	2323.2
548.254	2305.2
548.614	2327.2
548.974	2334.5
549.334	2355.2
549.694	2367.9
550.054	2351.4
550.414	2363.0
550.774	2378.9
551.134	2361.4
551.494	2366.2
551.854	2393.5
552.215	2386.6
552.575	2411.1
552.935	2418.2
553.295	2414.8
553.655	2421.7
554.016	2406.6
554.376	2437.9
554.736	2430.7
555.097	2422.7
555.457	2448.7
555.817	2450.2
556.178	2445.6
556.538	2463.2
556.899	2470.3
557.259	2474.2
557.620	2495.9
557.980	2501.5
558.341	2517.0
558.701	2536.6
559.062	2531.7
559.423	2556.7
559.783	2564.8
560.144	2578.0
560.505	2594.4
560.866	2597.1
561.226	2613.2
561.587	2628.6
561.948	2633.1
562.309	2637.1
562.670	2662.3
563.031	2656.6
563.391	2663.9
563.752	2692.6
564.113	2720.2
564.474	2726.8
564.835	2728.9
565.197	2739.6
565.558	2750.1
565.919	2763.6
566.280	2779.3
566.641	2788.2
567.002	2814.9
567.363	2804.2
567.725	2817.8
568.086	2840.0
568.447	2832.1
568.808	2849.2
569.170	2872.4
569.531	2872.3
569.893	2897.1
570.254	2886.7
570.615	2913.5
570.977	2927.1
571.338	2920.6
571.700	2939.7
572.061	2932.9
572.423	2965.6
572.785	2975.9
573.146	2981.2
573.508	3005.7
573.869	2992.9
574.231	3026.5
574.593	3014.9
574.955	3038.8
575.316	3045.2
575.678	3060.7
576.040	3070.6
576.402	3056.9
576.764	3110.6
577.126	3139.5
577.487	3152.5
577.849	3157.2
578.211	3128.9
578.573	3146.1
578.935	3129.5
579.297	3185.0
579.659	3219.9
580.022	3204.3
580.384	3221.5
580.746	3234.0
581.108	3245.8
581.470	3232.4
581.832	3229.2
582.195	3252.7
582.557	3277.9
582.919	3275.0
583.281	3307.4
583.644	3326.1
584.006	3326.6
584.368	3357.8
584.731	3337.0
585.093	3358.2
585.456	3338.3
585.818	3352.1
586.181	3353.0
586.543	3370.2
586.906	3349.6
587.268	3373.9
587.631	3412.6
587.994	3420.5
588.356	3407.3
588.719	3394.3
589.082	3367.4
589.445	3403.4
589.807	3371.4
590.170	3386.6
590.533	3385.8
590.896	3380.4
591.259	3369.6
591.621	3379.0
591.984	3398.6
592.347	3396.6
592.710	3383.6
593.073	3428.4
593.436	3419.9
593.799	3417.9
594.162	3419.6
594.525	3406.4
594.888	3383.2
595.252	3355.7
595.615	3393.2
595.978	3376.2
596.341	3380.2
596.704	3378.8
597.068	3389.8
597.431	3410.8
597.794	3372.3
598.157	3387.0
598.521	3411.3
598.884	3404.7
599.248	3406.3
599.611	3420.7
599.974	3410.6
600.338	3417.5
600.701	3404.8
601.065	3424.5
601.428	3394.7
601.792	3389.3
602.156	3394.7
602.519	3416.8
602.883	3381.6
603.247	3397.9
603.610	3386.4
603.974	3376.3
604.338	3408.3
604.701	3379.7
605.065	3375.3
605.429	3381.5
605.793	3391.1
606.157	3380.2
606.521	3376.4
606.885	3375.7
607.248	3357.6
607.612	3385.2
607.976	3360.4
608.340	3382.7
608.704	3381.5
609.069	3386.4
609.433	3396.0
609.797	3400.5
610.161	3448.2
610.525	3485.5
610.889	3564.9
611.253	3755.1
611.618	3902.5
611.982	3935.2
612.346	3804.7
612.710	3643.2
613.075	3572.6
613.439	3530.2
613.803	3523.7
614.168	3493.0
614.532	3509.3
614.897	3510.0
615.261	3490.9
615.626	3474.0
615.990	3449.4
616.355	3443.1
616.719	3408.1
617.084	3440.9
617.448	3412.0
617.813	3418.5
618.178	3431.6
618.542	3426.2
618.907	3427.1
619.272	3424.2
619.637	3424.1
620.001	3415.8
620.366	3438.4
620.731	3467.2
621.096	3422.1
621.461	3430.9
621.826	3435.6
622.190	3450.2
622.555	3399.6
622.920	3403.6
623.285	3415.0
623.650	3427.1
624.015	3401.1
624.380	3384.8
624.746	3395.6
625.111	3392.7
625.476	3398.1
625.841	3383.2
626.206	3388.2
626.571	3363.4
626.937	3389.5
627.302	3369.0
627.667	3357.9
628.032	3356.6
628.398	3375.1
628.763	3344.0
629.128	3354.6
629.494	3343.0
629.859	3359.4
630.225	3346.2
630.590	3350.1
630.956	3367.8
631.321	3354.7
631.687	3361.0
632.052	3322.7
632.418	3330.7
632.783	3291.7
633.149	3276.4
633.515	3266.5
633.880	3276.0
634.246	3288.3
634.612	3262.5
634.978	3261.1
635.343	3257.9
635.709	3265.4
636.075	3235.8
636.441	3236.7
636.807	3230.2
637.173	3243.5
637.538	3237.7
637.904	3218.5
638.270	3229.6
638.636	3215.2
639.002	3223.5
639.368	3230.0
639.734	3203.6
640.101	3222.4
640.467	3204.5
640.833	3215.8
641.199	3203.0
641.565	3197.6
641.931	3211.8
642.297	3191.9
642.664	3180.1
643.030	3198.1
643.396	3188.4
643.763	3180.5
644.129	3191.4
644.495	3169.5
644.862	3163.6
645.228	3181.6
645.594	3184.9
645.961	3171.1
646.327	3172.1
646.694	3177.5
647.060	3164.4
647.427	3170.7
647.793	3157.9
648.160	3166.8
648.527	3143.7
648.893	3157.7
649.260	3156.7
649.627	3173.0
649.993	3177.2
650.360	3157.4
650.727	3181.8
651.094	3168.2
651.460	3167.1
651.827	3163.9
652.194	3153.1
652.561	3156.7
652.928	3150.2
653.295	3164.4
653.662	3163.0
654.029	3158.5
654.396	3170.7
654.763	3143.1
655.130	3139.0
655.497	3138.8
655.864	3149.2
656.231	3158.9
656.598	3150.9
656.965	3151.1
657.332	3147.2
657.699	3146.7
658.067	3152.5
658.434	3163.3
658.801	3133.3
659.168	3160.5
659.536	3137.6
659.903	3148.6
660.270	3152.0
660.638	3136.5
661.005	3157.8
661.373	3146.5
661.740	3145.6
662.108	3157.8
662.475	3156.9
662.843	3157.3
663.210	3171.3
663.578	3143.4
663.945	3150.5
664.313	3152.2
664.680	3164.6
665.048	3154.8
665.416	3152.9
665.783	3170.2
666.151	3158.0
666.519	3164.0
666.887	3166.1
667.254	3162.7
667.622	3163.2
667.990	3169.3
668.358	3173.4
668.726	3189.3
669.094	3165.3
669.462	3161.0
669.830	3184.4
670.197	3186.3
670.565	3176.7
670.933	3166.5
671.302	3182.8
671.670	3195.3
672.038	3183.8
672.406	3198.9
672.774	3202.6
673.142	3187.6
673.510	3209.3
673.878	3205.4
674.247	3213.7
674.615	3211.1
674.983	3198.4
675.351	3216.5
675.720	3201.4
676.088	3202.3
676.456	3201.2
676.825	3207.8
677.193	3234.2
677.561	3225.8
677.930	3217.8
678.298	3230.1
678.667	3232.2
679.035	3238.7
679.404	3246.9
679.772	3239.8
680.141	3256.6
680.510	3227.0
680.878	3258.5
681.247	3248.0
681.616	3245.9
681.984	3258.4
682.353	3235.0
682.722	3256.0
683.090	3259.3
683.459	3271.8
683.828	3252.9
684.197	3270.1
684.566	3269.8
684.934	3256.6
685.303	3264.6
685.672	3276.2
686.041	3280.1
686.410	3283.5
686.779	3274.0
687.148	3307.7
687.517	3294.9
687.886	3302.4
688.255	3321.7
688.624	3317.0
688.993	3309.2
689.363	3324.8
689.732	3304.7
690.101	3334.6
690.470	3309.5
690.839	3329.7
691.208	3325.0
691.578	3333.2
691.947	3344.5
692.316	3359.4
692.686	3333.5
693.055	3371.5
693.424	3361.7
693.794	3352.1
694.163	3371.7
694.533	3357.9
694.902	3372.4
695.272	3349.6
695.641	3382.2
696.011	3356.1
696.380	3372.0
696.750	3382.5
697.119	3397.7
697.489	3371.9
697.859	3386.9
698.228	3408.1
698.598	3395.5
698.968	3407.0
699.337	3398.8
699.707	3394.0
700.077	3407.6
700.447	3401.2
700.816	3409.4
701.186	3432.9
701.556	3420.4
701.926	3427.4
702.296	3413.3
702.666	3427.3
703.036	3432.2
703.406	3434.9
703.776	3429.5
704.146	3444.8
704.516	3455.5
704.886	3445.1
705.256	3455.6
705.626	3430.4
705.996	3462.0
706.366	3487.7
706.736	3459.2
707.106	3483.3
707.477	3477.4
707.847	3496.1
708.217	3497.6
708.587	3490.8
708.958	3497.5
709.328	3513.9
709.698	3514.9
710.069	3482.4
710.439	3485.4
710.809	3496.7
711.180	3492.6
711.550	3482.3
711.921	3489.9
712.291	3524.7
712.662	3532.3
713.032	3539.6
713.403	3515.6
713.773	3503.8
714.144	3505.5
714.515	3497.8
714.885	3508.3
715.256	3510.5
715.627	3490.8
715.997	3510.8
716.368	3504.9
716.739	3501.7
717.109	3493.4
717.480	3508.3
717.851	3512.9
718.222	3467.3
718.593	3497.5
718.964	3481.2
719.334	3466.7
719.705	3466.6
720.076	3473.5
720.447	3468.2
720.818	3454.0
721.189	3461.4
721.560	3455.7
721.931	3447.5
722.302	3469.2
722.673	3447.6
723.045	3443.8
723.416	3458.5
723.787	3443.3
724.158	3451.9
724.529	3447.3
724.900	3446.9
725.272	3466.4
725.643	3459.8
726.014	3454.1
726.385	3458.5
726.757	3471.7
727.128	3455.4
727.499	3477.5
727.871	3467.7
728.242	3451.3
728.614	3468.9
728.985	3461.9
729.357	3475.7
729.728	3482.4
730.100	3461.1
730.471	3471.0
730.843	3468.4
731.214	3473.9
731.586	3462.8
731.957	3477.3
732.329	3490.3
732.701	3473.7
733.072	3452.7
733.444	3480.8
733.816	3475.7
734.187	3484.2
734.559	3476.1
734.931	3491.5
735.303	3464.0
735.675	3472.7
736.046	3472.5
736.418	3453.7
736.790	3455.5
737.162	3454.0
737.534	3460.9
737.906	3453.6
738.278	3462.9
738.650	3464.5
739.022	3453.3
739.394	3449.8
739.766	3450.7
740.138	3462.9
740.510	3439.2
740.882	3456.4
741.254	3425.5
741.627	3433.7
741.999	3423.6
742.371	3433.4
742.743	3412.9
743.115	3426.7
743.488	3428.1
743.860	3412.7
744.232	3398.3
744.605	3399.8
744.977	3395.8
745.349	3403.5
745.722	3401.6
746.094	3367.0
746.466	3385.9
746.839	3378.3
747.211	3375.4
747.584	3378.7
747.956	3356.0
748.329	3370.5
748.701	3353.0
749.074	3345.1
749.447	3339.2
749.819	3329.6
750.192	3330.9
750.565	3341.0
750.937	3334.9
751.310	3318.7
751.683	3290.2
752.055	3303.2
752.428	3291.2
752.801	3284.0
753.174	3265.1
753.546	3269.9
753.919	3274.9
754.292	3270.8
754.665	3254.8
755.038	3242.6
755.411	3253.5
755.784	3225.7
756.157	3230.5
756.530	3211.3
756.903	3210.2
757.276	3202.6
757.649	3210.2
758.022	3179.6
758.395	3188.6
758.768	3157.9
759.141	3178.2
759.514	3152.3
759.887	3159.9
760.261	3130.5
760.634	3113.3
761.007	3110.0
761.380	3105.2
761.754	3102.9
762.127	3097.5
762.500	3085.9
762.873	3066.3
763.247	3077.1
763.620	3055.3
763.994	3053.7
764.367	3040.8
764.740	3035.3
765.114	3027.2
765.487	3017.9
765.861	3007.5
766.234	2995.1
766.608	2975.0
766.981	2975.7
767.355	2958.6
767.729	2957.8
768.102	2931.7
768.476	2952.2
768.849	2931.9
769.223	2910.8
769.597	2922.1
769.970	2894.6
770.344	2870.9
770.718	2891.0
771.092	2847.5
771.466	2859.3
771.839	2858.0
772.213	2840.5
772.587	2820.0
772.961	2822.8
773.335	2800.6
773.709	2788.8
774.083	2783.0
774.457	2786.0
774.831	2761.9
775.204	2753.4
775.579	2740.7
775.953	2736.4
776.327	2724.9
776.701	2720.9
777.075	2688.3
777.449	2697.3
777.823	2677.1
778.197	2666.2
778.571	2665.4
778.945	2639.1
779.320	2654.9
779.694	2629.1
780.068	2646.1
780.442	2601.4
780.817	2591.8
781.191	2577.7
781.565	2596.4
781.940	2550.1
782.314	2552.5
782.688	2545.0
783.063	2532.7
783.437	2515.9
783.812	2492.7
784.186	2491.0
784.561	2471.6
784.935	2476.0
785.310	2460.4
785.684	2438.6
786.059	2437.7
786.433	2430.1
786.808	2415.1
787.183	2401.6
787.557	2386.9
787.932	2389.5
788.307	2378.9
788.681	2363.0
789.056	2345.4
789.431	2344.4
789.806	2339.7
790.180	2318.1
790.555	2309.8
790.930	2291.8
791.305	2278.6
791.680	2281.7
792.054	2261.5
792.429	2253.9
792.804	2240.0
793.179	2231.8
793.554	2234.8
793.929	2195.8
794.304	2203.9
794.679	2178.4
795.054	2175.9
795.429	2166.0
795.804	2158.3
796.179	2142.6
796.555	2137.1
796.930	2137.7
797.305	2097.3
797.680	2104.1
798.055	2098.8
798.430	2081.8
798.806	2067.4
799.181	2054.7
799.556	2039.4
799.931	2044.9
800.307	2028.1
800.682	2020.2
801.057	2007.2
801.433	1999.3
801.808	1998.4
802.184	1973.7
802.559	1969.7
802.934	1955.8
803.310	1941.9
803.685	1931.8
804.061	1922.3
804.436	1910.6
804.812	1906.5
805.187	1892.4
805.563	1876.8
805.939	1866.7
806.314	1855.8
806.690	1850.1
807.065	1841.0
807.441	1832.6
807.817	1809.2
808.193	1816.5
808.568	1789.3
808.944	1793.8
809.320	1772.5
809.696	1769.6
810.071	1764.3
810.447	1778.5
810.823	1767.6
811.199	1766.0
811.575	1765.6
811.951	1761.2
812.327	1746.1
812.703	1747.4
813.079	1734.0
813.454	1745.0
813.830	1731.6
814.206	1731.4
814.583	1727.8
814.959	1722.7
815.335	1718.9
815.711	1703.6
816.087	1707.8
816.463	1698.1
816.839	1695.6
817.215	1673.2
817.591	1669.1
817.968	1675.2
818.344	1670.3
818.720	1669.4
819.096	1647.6
819.473	1645.2
819.849	1646.4
820.225	1634.4
820.602	1618.8
820.978	1616.0
821.354	1607.9
821.731	1593.8
822.107	1594.3
822.484	1587.8
822.860	1576.4
823.236	1563.7
823.613	1558.7
823.989	1555.4
824.366	1543.9
824.743	1530.0
825.119	1525.2
825.496	1516.9
825.872	1521.0
826.249	1499.2
826.626	1497.1
827.002	1475.9
827.379	1479.4
827.756	1467.4
828.132	1460.3
828.509	1450.8
828.886	1441.5
829.262	1430.7
829.639	1427.8
830.016	1422.9
830.393	1407.5
830.770	1403.4
831.147	1397.5
831.523	1387.2
831.900	1374.9
832.277	1372.4
832.654	1359.0
833.031	1350.8
833.408	1340.0
833.785	1336.6
834.162	1332.9
834.539	1331.1
834.916	1312.8
835.293	1305.6
835.670	1303.3
836.047	1291.2
836.425	1283.1
836.802	1271.4
837.179	1277.2
837.556	1259.4
837.933	1248.3
838.310	1249.2
838.688	1239.5
839.065	1229.4
839.442	1224.5
839.819	1211.7
840.197	1216.1
840.574	1202.9
840.951	1199.9
841.329	1190.9
841.706	1184.5
842.083	1172.8
842.461	1168.1
842.838	1169.7
843.216	1158.9
843.593	1155.4
843.971	1155.2
844.348	1141.8
844.726	1125.3
845.103	1122.5
845.481	1123.3
845.858	1115.8
846.236	1106.4
846.614	1099.6
846.991	1095.9
847.369	1085.3
847.747	1089.2
848.124	1086.7
848.502	1076.3
848.880	1066.9
849.257	1062.4
849.635	1061.6
850.013	1051.3
850.391	1044.8
850.768	1038.2
851.146	1034.1
851.524	1032.2
851.902	1023.6
852.280	1015.1
852.658	1014.4
853.036	1009.5
853.414	999.3
853.792	999.3
854.170	986.9
854.548	984.4
854.926	978.5
855.304	973.6
855.682	974.5
856.060	966.8
856.438	960.4
856.816	952.4
857.194	954.6
857.572	946.0
857.950	947.1
858.328	935.9
858.707	930.3
859.085	922.5
859.463	922.5
859.841	919.9
860.220	913.4
860.598	906.1
860.976	900.2
861.354	900.8
861.733	894.0
862.111	888.4
862.489	888.6
862.868	881.7
863.246	875.6
863.625	874.2
864.003	864.9
864.382	859.8
864.760	863.6
865.139	849.4
865.517	856.1
865.896	847.6
866.274	846.2
866.653	837.9
867.031	836.2
867.410	837.4
867.788	824.4
868.167	821.9
868.546	814.7
868.924	813.4
869.303	813.0
869.682	803.8
870.061	800.6
870.439	797.3
870.818	792.1
871.197	786.5
871.576	783.0
871.954	779.8
872.333	767.6
872.712	764.9
873.091	767.5
873.470	762.1
873.849	750.0
874.228	748.2
874.606	750.2
874.985	739.9
875.364	739.6
875.743	735.7
876.122	728.2
876.501	724.8
876.880	723.7
877.259	721.8
877.639	717.6
878.018	709.5
878.397	711.4
878.776	707.0
879.155	705.5
879.534	697.3
879.913	698.7
880.293	697.6
880.672	689.8
881.051	687.9
881.430	688.6
881.809	680.9
882.189	684.1
882.568	678.2
882.947	674.1
883.327	675.5
883.706	669.8
884.085	670.7
884.465	659.9
884.844	665.0
885.224	658.4
885.603	658.9
885.982	655.8
886.362	655.6
886.741	649.9
887.121	648.4
887.500	643.9
887.880	643.3
888.259	642.4
888.639	633.2
889.019	635.4
889.398	633.9
889.778	628.8
890.157	627.1
890.537	627.6
890.917	622.8
891.296	623.4
891.676	617.4
892.056	617.0
892.436	613.8
892.815	615.0
893.195	611.8
893.575	602.7
893.955	599.3
894.335	606.0
894.714	598.8
895.094	598.2
895.474	591.5
895.854	591.1
896.234	585.1
896.614	583.7
896.994	583.2
897.374	580.9
897.754	575.5
898.134	575.4
898.514	569.6
898.894	570.6
899.274	567.0
899.654	562.7
900.034	561.7
900.414	559.0
900.794	556.6
901.174	558.9
901.554	552.8
901.935	547.9
902.315	545.1
902.695	543.6
903.075	540.4
903.455	539.2
903.836	539.0
904.216	535.8
904.596	531.9
904.977	530.4
905.357	528.4
905.737	522.2
