175.633	73.2
175.959	74.1
176.286	72.4
176.612	72.8
176.939	72.5
177.265	74.4
177.592	74.5
177.919	71.9
178.245	73.9
178.572	75.7
178.899	70.1
179.226	75.5
179.553	76.0
179.879	77.0
180.206	75.4
180.533	74.6
180.860	77.1
181.187	75.6
181.514	76.3
181.841	75.0
182.168	75.5
182.496	74.7
182.823	77.5
183.150	73.7
183.477	76.2
183.805	76.2
184.132	78.3
184.459	75.9
184.787	75.0
185.114	77.5
185.442	77.9
185.769	77.0
186.097	77.8
186.424	81.1
186.752	80.7
187.079	81.4
187.407	79.4
187.735	79.3
188.063	77.1
188.390	78.0
188.718	77.5
189.046	77.9
189.374	79.5
189.702	78.7
190.030	79.8
190.358	79.2
190.686	76.5
191.014	76.7
191.342	79.8
191.670	76.6
191.999	78.8
192.327	78.4
192.655	79.2
192.983	78.9
193.312	81.9
193.640	80.1
193.968	78.5
194.297	79.1
194.625	77.7
194.954	79.9
195.282	81.2
195.611	83.8
195.940	83.2
196.268	79.3
196.597	82.0
196.926	82.3
197.254	82.4
197.583	82.3
197.912	83.5
198.241	82.0
198.570	79.5
198.899	80.8
199.228	82.4
199.557	77.8
199.886	78.7
200.215	77.8
200.544	81.7
200.873	81.9
201.202	80.7
201.531	77.3
201.861	84.2
202.190	83.0
202.519	82.8
202.849	82.5
203.178	80.9
203.507	85.3
203.837	82.3
204.166	82.8
204.496	83.5
204.826	83.8
205.155	82.5
205.485	84.0
205.814	85.1
206.144	84.0
206.474	83.1
206.804	82.3
207.133	82.8
207.463	83.3
207.793	82.4
208.123	85.0
208.453	87.4
208.783	84.4
209.113	84.6
209.443	86.3
209.773	81.0
210.103	84.9
210.433	84.5
210.764	83.6
211.094	83.0
211.424	84.5
211.754	83.4
212.085	83.4
212.415	87.7
212.746	78.1
213.076	78.7
213.407	79.8
213.737	83.8
214.068	81.5
214.398	85.0
214.729	83.1
215.059	80.2
215.390	84.5
215.721	79.3
216.052	81.2
216.382	80.6
216.713	78.2
217.044	83.0
217.375	83.0
217.706	80.9
218.037	81.7
218.368	78.3
218.699	83.0
219.030	81.5
219.361	82.7
219.692	83.7
220.023	82.5
220.355	81.9
220.686	83.1
221.017	83.6
221.348	81.1
221.680	81.4
222.011	82.1
222.343	82.9
222.674	83.5
223.006	85.3
223.337	88.4
223.669	82.6
224.000	83.4
224.332	82.7
224.663	83.9
224.995	82.9
225.327	84.3
225.659	81.7
225.990	84.7
226.322	82.8
226.654	86.1
226.986	84.4
227.318	86.2
227.650	85.0
227.982	86.2
228.314	83.7
228.646	85.5
228.978	82.4
229.310	86.1
229.642	86.5
229.975	84.2
230.307	81.7
230.639	84.3
230.972	82.8
231.304	83.5
231.636	83.3
231.969	82.8
232.301	83.8
232.634	84.4
232.966	83.9
233.299	84.2
233.631	85.8
233.964	85.7
234.297	85.7
234.629	85.3
234.962	84.2
235.295	85.4
235.628	85.1
235.960	84.1
236.293	86.2
236.626	85.0
236.959	84.8
237.292	88.1
237.625	85.3
237.958	86.7
238.291	85.0
238.624	86.2
238.957	85.5
239.291	85.6
239.624	83.1
239.957	85.7
240.290	85.7
240.624	86.6
240.957	85.6
241.290	85.8
241.624	85.3
241.957	85.4
242.291	85.9
242.624	86.4
242.958	87.7
243.291	87.7
243.625	86.6
243.959	88.1
244.292	90.0
244.626	88.2
244.960	87.9
245.293	84.9
245.627	85.5
245.961	87.6
246.295	84.4
246.629	89.0
246.963	85.5
247.297	87.2
247.631	86.3
247.965	84.2
248.299	86.1
248.633	84.6
248.967	86.7
249.302	85.8
249.636	85.9
249.970	86.7
250.304	85.7
250.639	84.8
250.973	85.4
251.307	86.3
251.642	86.9
251.976	88.0
252.311	87.0
252.645	86.9
252.980	89.6
253.314	88.4
253.649	88.8
253.984	85.6
254.318	87.2
254.653	87.8
254.988	86.9
255.323	86.9
255.658	84.2
255.992	88.3
256.327	86.7
256.662	86.3
256.997	85.8
257.332	85.0
257.667	85.1
258.002	86.6
258.338	84.7
258.673	87.9
259.008	85.7
259.343	87.5
259.678	84.8
260.014	86.7
260.349	84.2
260.684	88.1
261.020	85.1
261.355	87.3
261.690	86.2
262.026	90.5
262.361	86.0
262.697	86.4
263.032	86.7
263.368	87.6
263.704	86.5
264.039	87.7
264.375	84.6
264.711	87.1
265.047	82.8
265.382	86.1
265.718	91.0
266.054	86.9
266.390	89.1
266.726	88.1
267.062	88.8
267.398	88.6
267.734	87.5
268.070	87.9
268.406	88.9
268.742	86.7
269.079	88.4
269.415	91.9
269.751	86.1
270.087	88.2
270.424	86.8
270.760	87.8
271.096	85.6
271.433	85.7
271.769	85.6
272.106	89.5
272.442	87.8
272.779	88.6
273.115	87.7
273.452	87.3
273.789	90.6
274.125	86.3
274.462	87.8
274.799	87.8
275.135	87.7
275.472	88.0
275.809	87.0
276.146	88.0
276.483	88.5
276.820	86.8
277.157	88.0
277.494	86.1
277.831	86.9
278.168	88.2
278.505	86.2
278.842	84.2
279.179	87.0
279.516	89.3
279.854	87.3
280.191	88.0
280.528	85.9
280.866	86.5
281.203	86.6
281.540	87.8
281.878	86.9
282.215	87.7
282.553	88.3
282.890	88.0
283.228	87.6
283.566	87.4
283.903	90.9
284.241	89.7
284.579	88.7
284.916	88.3
285.254	86.9
285.592	86.9
285.930	88.7
286.268	89.7
286.605	87.2
286.943	90.1
287.281	90.9
287.619	87.8
287.957	86.5
288.295	89.9
288.633	87.6
288.972	88.2
289.310	88.0
289.648	90.8
289.986	91.4
290.324	90.9
290.663	88.2
291.001	89.7
291.339	90.3
291.678	90.1
292.016	87.8
292.355	87.7
292.693	88.9
293.032	89.9
293.370	88.1
293.709	89.1
294.047	88.0
294.386	87.8
294.725	87.3
295.063	88.6
295.402	89.4
295.741	89.5
296.080	84.6
296.419	89.3
296.758	89.1
297.096	89.5
297.435	86.0
297.774	89.0
298.113	92.7
298.452	91.8
298.791	90.8
299.131	92.2
299.470	88.2
299.809	91.9
300.148	89.7
300.487	88.9
300.827	90.3
301.166	87.3
301.505	89.4
301.845	89.2
302.184	88.7
302.523	90.3
302.863	89.1
303.202	89.7
303.542	87.5
303.881	88.2
304.221	89.8
304.561	91.7
304.900	88.7
305.240	91.1
305.580	91.4
305.920	91.3
306.259	89.1
306.599	90.0
306.939	89.8
307.279	89.7
307.619	92.1
307.959	89.3
308.299	88.5
308.639	88.7
308.979	92.1
309.319	90.0
309.659	89.7
309.999	89.2
310.339	89.6
310.679	91.4
311.020	90.5
311.360	90.6
311.700	89.1
312.041	87.4
312.381	89.0
312.721	89.7
313.062	91.4
313.402	90.3
313.743	86.9
314.083	91.3
314.424	86.1
314.764	87.7
315.105	89.3
315.446	89.3
315.786	87.5
316.127	88.1
316.468	88.2
316.809	91.0
317.149	87.6
317.490	87.2
317.831	87.3
318.172	89.2
318.513	91.6
318.854	89.5
319.195	88.6
319.536	90.9
319.877	92.1
320.218	92.9
320.559	90.6
320.901	92.6
321.242	88.5
321.583	88.1
321.924	91.3
322.266	89.3
322.607	88.3
322.948	91.8
323.290	89.6
323.631	92.1
323.972	93.3
324.314	92.4
324.655	92.9
324.997	91.7
325.339	91.2
325.680	91.5
326.022	89.4
326.364	89.6
326.705	90.8
327.047	90.1
327.389	89.2
327.731	89.6
328.072	87.7
328.414	88.8
328.756	88.3
329.098	89.7
329.440	91.1
329.782	89.4
330.124	89.0
330.466	90.5
330.808	92.5
331.150	90.1
331.492	85.5
331.835	88.9
332.177	88.0
332.519	86.8
332.861	88.1
333.204	86.4
333.546	87.4
333.888	88.5
334.231	85.3
334.573	86.9
334.916	87.5
335.258	87.9
335.601	90.3
335.943	87.7
336.286	86.9
336.628	87.5
336.971	87.9
337.314	89.0
337.657	90.0
337.999	92.2
338.342	91.4
338.685	90.2
339.028	91.5
339.371	92.1
339.714	89.3
340.056	90.6
340.399	88.2
340.742	88.9
341.085	83.7
341.429	84.7
341.772	91.5
342.115	85.5
342.458	89.0
342.801	88.7
343.144	85.1
343.488	90.3
343.831	88.2
344.174	87.6
344.517	91.1
344.861	90.8
345.204	92.2
345.548	87.6
345.891	89.9
346.235	89.6
346.578	88.3
346.922	88.5
347.265	88.5
347.609	88.5
347.953	87.7
348.296	86.0
348.640	88.7
348.984	90.1
349.328	90.8
349.671	91.7
350.015	88.8
350.359	87.0
350.703	90.9
351.047	90.4
351.391	88.4
351.735	88.3
352.079	85.7
352.423	86.3
352.767	89.9
353.111	89.3
353.455	87.7
353.800	86.4
354.144	87.3
354.488	88.6
354.832	88.3
355.177	86.3
355.521	85.9
355.865	88.7
356.210	88.4
356.554	89.6
356.899	90.8
357.243	91.3
357.588	89.5
357.932	88.2
358.277	87.8
358.621	89.0
358.966	88.0
359.311	92.4
359.655	93.2
360.000	90.6
360.345	90.3
360.690	89.8
361.035	87.3
361.379	89.9
361.724	88.7
362.069	88.4
362.414	86.1
362.759	87.2
363.104	89.1
363.449	88.2
363.794	89.0
364.139	88.0
364.485	87.8
364.830	90.8
365.175	94.7
365.520	104.8
365.865	104.9
366.211	99.3
366.556	90.3
366.901	91.7
367.247	87.1
367.592	86.9
367.938	85.9
368.283	87.7
368.629	86.6
368.974	87.9
369.320	87.9
369.665	84.6
370.011	87.8
370.357	87.1
370.702	85.4
371.048	86.0
371.394	86.8
371.740	87.6
372.085	84.8
372.431	85.8
372.777	87.1
373.123	87.0
373.469	88.4
373.815	89.7
374.161	85.1
374.507	86.8
374.853	90.0
375.199	86.8
375.545	87.1
375.891	89.4
376.238	87.8
376.584	86.3
376.930	89.1
377.276	89.5
377.623	86.9
377.969	87.9
378.315	87.9
378.662	88.5
379.008	89.0
379.355	92.1
379.701	91.4
380.048	91.7
380.394	90.8
380.741	90.0
381.087	90.0
381.434	88.0
381.781	87.0
382.127	90.4
382.474	88.3
382.821	91.2
383.168	90.6
383.514	90.6
383.861	91.3
384.208	91.7
384.555	89.4
384.902	91.6
385.249	87.8
385.596	91.9
385.943	87.1
386.290	88.9
386.637	88.9
386.984	91.2
387.331	88.5
387.679	90.2
388.026	91.6
388.373	89.9
388.720	90.0
389.068	87.4
389.415	88.9
389.762	87.1
390.110	88.3
390.457	92.8
390.804	89.4
391.152	89.4
391.499	87.2
391.847	88.7
392.195	88.2
392.542	88.3
392.890	89.8
393.237	89.1
393.585	87.3
393.933	91.6
394.281	89.3
394.628	90.6
394.976	90.3
395.324	91.7
395.672	91.5
396.020	90.9
396.368	86.2
396.716	88.0
397.064	90.5
397.412	91.3
397.760	88.2
398.108	88.0
398.456	89.2
398.804	89.4
399.152	85.0
399.500	86.9
399.849	90.8
400.197	88.1
400.545	88.0
400.893	89.8
401.242	89.0
401.590	90.0
401.939	87.8
402.287	88.6
402.635	89.4
402.984	91.3
403.332	90.7
403.681	92.8
404.030	98.1
404.378	113.0
404.727	143.2
405.075	203.3
405.424	214.1
405.773	170.9
406.122	104.2
406.470	91.5
406.819	90.0
407.168	93.6
407.517	92.0
407.866	97.5
408.215	101.9
408.564	100.5
408.913	96.3
409.262	94.0
409.611	92.0
409.960	89.9
410.309	92.3
410.658	93.4
411.007	92.0
411.357	92.4
411.706	94.6
412.055	93.6
412.404	95.7
412.754	91.2
413.103	94.5
413.452	95.4
413.802	90.6
414.151	93.2
414.501	91.6
414.850	92.7
415.200	92.7
415.549	95.2
415.899	93.3
416.248	92.1
416.598	93.6
416.948	91.2
417.297	95.0
417.647	92.1
417.997	96.2
418.347	91.8
418.697	93.2
419.046	96.1
419.396	98.3
419.746	97.9
420.096	98.9
420.446	99.4
420.796	98.7
421.146	98.3
421.496	102.2
421.846	98.8
422.196	101.9
422.546	102.0
422.897	101.3
423.247	100.6
423.597	103.8
423.947	102.3
424.298	103.6
424.648	102.2
424.998	100.1
425.349	104.1
425.699	102.8
426.049	106.3
426.400	106.3
426.750	106.0
427.101	106.2
427.451	107.7
427.802	109.1
428.153	105.7
428.503	108.5
428.854	111.0
429.205	110.1
429.555	113.7
429.906	112.5
430.257	112.3
430.608	116.7
430.958	114.2
431.309	115.8
431.660	116.1
432.011	114.1
432.362	115.4
432.713	118.5
433.064	117.8
433.415	119.9
433.766	123.7
434.117	122.2
434.468	124.1
434.819	130.6
435.171	140.4
435.522	178.3
435.873	281.0
436.224	480.4
436.576	523.6
436.927	373.9
437.278	165.0
437.630	125.0
437.981	123.2
438.333	121.9
438.684	121.8
439.035	120.7
439.387	121.2
439.739	122.5
440.090	122.1
440.442	121.5
440.793	123.7
441.145	121.3
441.497	123.8
441.848	125.6
442.200	123.3
442.552	125.0
442.904	127.0
443.256	123.8
443.607	123.9
443.959	125.1
444.311	125.1
444.663	124.8
445.015	124.2
445.367	124.4
445.719	125.5
446.071	126.3
446.423	125.4
446.776	124.4
447.128	129.5
447.480	125.1
447.832	125.0
448.184	126.6
448.537	125.6
448.889	124.2
449.241	128.9
449.594	127.6
449.946	127.9
450.298	127.9
450.651	125.1
451.003	125.2
451.356	127.5
451.708	127.6
452.061	125.1
452.413	126.1
452.766	125.4
453.119	128.3
453.471	125.5
453.824	128.8
454.177	126.9
454.529	124.9
454.882	129.3
455.235	127.5
455.588	128.1
455.941	125.9
456.294	127.1
456.647	124.5
456.999	125.8
457.352	126.1
457.705	125.1
458.058	125.6
458.412	125.8
458.765	127.8
459.118	125.2
459.471	126.7
459.824	125.0
460.177	125.1
460.530	126.3
460.884	125.1
461.237	123.3
461.590	123.9
461.944	127.1
462.297	125.8
462.650	123.0
463.004	125.8
463.357	127.0
463.711	126.5
464.064	124.3
464.418	126.6
464.771	124.0
465.125	123.9
465.479	125.7
465.832	122.9
466.186	122.4
466.540	123.4
466.893	122.3
467.247	122.3
467.601	121.2
467.955	123.2
468.309	123.6
468.662	122.5
469.016	121.8
469.370	121.9
469.724	124.9
470.078	121.2
470.432	122.4
470.786	120.0
471.140	120.4
471.494	123.2
471.849	120.7
472.203	120.6
472.557	121.3
472.911	119.4
473.265	119.4
473.620	120.9
473.974	121.2
474.328	120.7
474.682	119.6
475.037	118.4
475.391	116.8
475.746	119.8
476.100	120.0
476.455	117.9
476.809	117.9
477.164	119.1
477.518	119.6
477.873	118.3
478.227	120.4
478.582	120.2
478.937	118.1
479.291	118.9
479.646	121.1
480.001	119.1
480.356	120.3
480.711	120.3
481.065	118.6
481.420	120.7
481.775	121.7
482.130	125.0
482.485	128.0
482.840	130.6
483.195	134.6
483.550	141.0
483.905	143.1
484.260	148.8
484.615	157.1
484.970	164.1
485.326	170.4
485.681	178.4
486.036	186.9
486.391	191.3
486.747	199.5
487.102	204.2
487.457	204.0
487.813	204.8
488.168	203.4
488.523	200.1
488.879	196.2
489.234	194.6
489.590	193.2
489.945	194.4
490.301	188.1
490.656	185.8
491.012	181.9
491.368	178.5
491.723	176.3
492.079	177.1
492.435	174.9
492.791	171.0
493.146	166.4
493.502	164.6
493.858	162.3
494.214	160.6
494.570	157.6
494.926	155.1
495.281	150.4
495.637	149.4
495.993	145.7
496.349	145.4
496.705	142.6
497.062	142.6
497.418	141.7
497.774	141.0
498.130	138.6
498.486	139.7
498.842	136.1
499.199	130.7
499.555	128.5
499.911	124.7
500.267	123.0
500.624	121.2
500.980	116.5
501.337	115.4
501.693	113.6
502.049	113.3
502.406	111.4
502.762	110.5
503.119	107.0
503.475	109.3
503.832	107.4
504.189	104.6
504.545	105.1
504.902	104.3
505.259	106.2
505.615	103.0
505.972	104.9
506.329	103.0
506.686	103.8
507.043	101.6
507.399	103.4
507.756	99.8
508.113	102.0
508.470	102.0
508.827	101.0
509.184	102.0
509.541	98.8
509.898	103.5
510.255	100.4
510.612	100.1
510.969	98.6
511.327	99.9
511.684	99.3
512.041	101.3
512.398	100.3
512.755	100.0
513.113	100.7
513.470	99.4
513.827	99.8
514.185	99.3
514.542	101.2
514.900	99.6
515.257	98.2
515.614	98.9
515.972	99.5
516.329	98.5
516.687	96.0
517.045	96.5
517.402	100.4
517.760	99.2
518.117	97.5
518.475	96.2
518.833	96.9
519.191	97.4
519.548	97.0
519.906	96.1
520.264	98.2
520.622	96.5
520.980	96.7
521.338	99.6
521.695	97.8
522.053	95.8
522.411	96.3
522.769	95.9
523.127	94.5
523.485	95.8
523.844	96.8
524.202	96.1
524.560	98.7
524.918	95.2
525.276	96.8
525.634	95.9
525.993	97.7
526.351	95.1
526.709	96.2
527.067	93.7
527.426	96.7
527.784	96.3
528.143	99.5
528.501	96.4
528.859	98.0
529.218	97.1
529.576	95.8
529.935	96.7
530.293	97.5
530.652	97.3
531.011	96.4
531.369	96.9
531.728	97.9
532.087	97.4
532.445	95.8
532.804	100.0
533.163	101.8
533.522	102.5
533.880	105.4
534.239	105.0
534.598	103.1
534.957	101.9
535.316	104.9
535.675	104.7
536.034	104.6
536.393	107.4
536.752	108.7
537.111	112.1
537.470	112.5
537.829	118.1
538.188	124.8
538.547	133.6
538.907	141.4
539.266	151.2
539.625	158.0
539.984	166.7
540.344	187.0
540.703	209.1
541.062	227.2
541.422	256.4
541.781	316.9
542.140	381.3
542.500	449.6
542.859	487.4
543.219	492.6
543.578	484.7
543.938	485.0
544.297	492.5
544.657	480.4
545.017	459.4
545.376	436.6
545.736	435.2
546.096	495.2
546.455	610.7
546.815	574.7
547.175	428.4
547.535	271.2
547.895	238.4
548.254	224.6
548.614	222.5
548.974	220.2
549.334	223.3
549.694	228.3
550.054	218.5
550.414	206.5
550.774	196.4
551.134	184.2
551.494	180.3
551.854	177.3
552.215	174.1
552.575	180.1
552.935	170.8
553.295	167.3
553.655	158.2
554.016	147.2
554.376	136.8
554.736	128.6
555.097	120.4
555.457	115.7
555.817	112.4
556.178	108.7
556.538	106.8
556.899	106.6
557.259	104.8
557.620	101.6
557.980	100.4
558.341	101.1
558.701	102.5
559.062	99.7
559.423	98.4
559.783	101.0
560.144	99.6
560.505	98.9
560.866	99.8
561.226	98.0
561.587	97.4
561.948	97.2
562.309	96.7
562.670	97.9
563.031	96.6
563.391	97.5
563.752	96.1
564.113	98.7
564.474	96.2
564.835	94.8
565.197	96.1
565.558	95.9
565.919	95.8
566.280	98.4
566.641	93.9
567.002	94.0
567.363	94.6
567.725	94.6
568.086	94.2
568.447	95.3
568.808	95.0
569.170	94.9
569.531	95.4
569.893	96.1
570.254	96.2
570.615	96.8
570.977	98.5
571.338	94.5
571.700	96.4
572.061	95.9
572.423	97.0
572.785	99.5
573.146	99.1
573.508	97.9
573.869	99.5
574.231	98.2
574.593	100.9
574.955	101.8
575.316	103.4
575.678	102.2
576.040	102.9
576.402	104.9
576.764	118.1
577.126	145.7
577.487	164.9
577.849	151.0
578.211	123.1
578.573	114.1
578.935	126.0
579.297	155.1
579.659	170.7
580.022	164.7
580.384	157.7
580.746	164.0
581.108	163.2
581.470	154.6
581.832	147.3
582.195	152.9
582.557	158.7
582.919	168.3
583.281	180.4
583.644	190.3
584.006	204.1
584.368	206.5
584.731	201.3
585.093	193.1
585.456	182.4
585.818	175.8
586.181	171.4
586.543	171.3
586.906	179.4
587.268	194.0
587.631	224.4
587.994	232.1
588.356	219.9
588.719	195.2
589.082	184.8
589.445	178.3
589.807	174.0
590.170	167.4
590.533	164.5
590.896	156.1
591.259	150.9
591.621	145.6
591.984	146.0
592.347	146.2
592.710	151.4
593.073	160.7
593.436	167.1
593.799	167.4
594.162	155.9
594.525	138.2
594.888	130.4
595.252	117.5
595.615	114.1
595.978	111.7
596.341	112.1
596.704	112.8
597.068	112.4
597.431	113.6
597.794	111.3
598.157	114.3
598.521	115.8
598.884	120.7
599.248	126.8
599.611	136.8
599.974	137.4
600.338	136.2
600.701	127.9
601.065	120.4
601.428	116.0
601.792	111.5
602.156	112.7
602.519	106.4
602.883	104.4
603.247	104.0
603.610	104.2
603.974	105.7
604.338	105.9
604.701	104.1
605.065	106.0
605.429	106.3
605.793	108.4
606.157	108.5
606.521	109.1
606.885	112.3
607.248	113.9
607.612	116.4
607.976	118.4
608.340	122.1
608.704	130.8
609.069	137.9
609.433	148.1
609.797	166.7
610.161	194.9
610.525	249.1
610.889	356.0
611.253	546.8
611.618	730.7
611.982	768.9
612.346	617.3
612.710	429.6
613.075	332.0
613.439	293.8
613.803	275.1
614.168	259.4
614.532	252.7
614.897	247.2
615.261	237.0
615.626	218.0
615.990	198.8
616.355	178.2
616.719	162.7
617.084	154.7
617.448	152.9
617.813	152.2
618.178	149.8
618.542	148.0
618.907	147.1
619.272	149.1
619.637	155.2
620.001	160.0
620.366	165.5
620.731	169.1
621.096	170.1
621.461	168.2
621.826	165.6
622.190	164.1
622.555	157.7
622.920	152.2
623.285	149.0
623.650	146.6
624.015	147.5
624.380	146.4
624.746	145.2
625.111	143.3
625.476	144.1
625.841	139.7
626.206	134.1
626.571	133.2
626.937	129.6
627.302	129.4
627.667	129.4
628.032	127.7
628.398	127.5
628.763	125.7
629.128	125.3
629.494	127.9
629.859	129.5
630.225	132.9
630.590	143.8
630.956	156.8
631.321	168.2
631.687	167.5
632.052	154.2
632.418	131.8
632.783	119.5
633.149	110.2
633.515	105.4
633.880	102.2
634.246	105.2
634.612	100.0
634.978	101.4
635.343	100.1
635.709	100.2
636.075	100.0
636.441	96.3
636.807	99.5
637.173	99.6
637.538	97.4
637.904	97.0
638.270	95.9
638.636	98.1
639.002	97.3
639.368	96.0
639.734	97.0
640.101	97.1
640.467	94.2
640.833	96.8
641.199	96.2
641.565	97.7
641.931	99.5
642.297	96.5
642.664	95.4
643.030	94.8
643.396	96.4
643.763	96.7
644.129	96.9
644.495	97.0
644.862	97.7
645.228	97.6
645.594	96.9
645.961	98.4
646.327	97.2
646.694	97.4
647.060	97.6
647.427	98.2
647.793	96.4
648.160	96.6
648.527	95.9
648.893	98.2
649.260	98.0
649.627	101.1
649.993	100.5
650.360	106.1
650.727	112.5
651.094	111.8
651.460	108.9
651.827	105.0
652.194	102.5
652.561	99.8
652.928	96.7
653.295	102.3
653.662	100.1
654.029	101.9
654.396	98.3
654.763	97.8
655.130	98.1
655.497	95.5
655.864	96.9
656.231	98.1
656.598	95.0
656.965	95.6
657.332	96.9
657.699	96.5
658.067	97.4
658.434	96.1
658.801	96.8
659.168	94.8
659.536	96.9
659.903	95.3
660.270	93.9
660.638	95.9
661.005	93.2
661.373	93.3
661.740	98.1
662.108	100.8
662.475	102.6
662.843	105.9
663.210	107.1
663.578	101.4
663.945	99.9
664.313	97.6
664.680	97.0
665.048	96.6
665.416	97.9
665.783	98.2
666.151	97.1
666.519	95.3
666.887	96.2
667.254	96.0
667.622	99.1
667.990	98.8
668.358	99.0
668.726	96.4
669.094	97.5
669.462	96.8
669.830	97.5
670.197	98.1
670.565	93.7
670.933	96.1
671.302	95.1
671.670	96.5
672.038	96.0
672.406	95.6
672.774	95.2
673.142	95.0
673.510	96.3
673.878	94.0
674.247	95.6
674.615	94.1
674.983	94.2
675.351	94.7
675.720	92.9
676.088	95.5
676.456	92.9
676.825	94.5
677.193	94.3
677.561	95.6
677.930	97.2
678.298	96.3
678.667	96.4
679.035	96.5
679.404	98.0
679.772	96.0
680.141	99.2
680.510	95.5
680.878	94.8
681.247	95.9
681.616	95.7
681.984	95.9
682.353	95.5
682.722	96.1
683.090	94.5
683.459	94.1
683.828	93.7
684.197	96.2
684.566	94.3
684.934	93.5
685.303	94.5
685.672	93.4
686.041	93.8
686.410	94.1
686.779	96.2
687.148	96.5
687.517	98.2
687.886	101.5
688.255	101.7
688.624	99.9
688.993	97.1
689.363	97.3
689.732	94.0
690.101	92.1
690.470	93.2
690.839	95.6
691.208	92.8
691.578	91.7
691.947	92.8
692.316	92.2
692.686	92.6
693.055	93.5
693.424	97.0
693.794	98.5
694.163	101.3
694.533	101.2
694.902	96.1
695.272	92.3
695.641	91.6
696.011	93.3
696.380	93.4
696.750	91.9
697.119	92.8
697.489	94.5
697.859	92.0
698.228	92.7
698.598	91.5
698.968	93.8
699.337	94.4
699.707	93.7
700.077	92.4
700.447	91.4
700.816	93.1
701.186	95.1
701.556	94.1
701.926	92.1
702.296	92.3
702.666	92.9
703.036	93.6
703.406	95.8
703.776	95.8
704.146	95.8
704.516	98.1
704.886	97.0
705.256	98.4
705.626	101.0
705.996	102.4
706.366	107.3
706.736	113.7
707.106	118.1
707.477	121.0
707.847	119.9
708.217	114.5
708.587	111.2
708.958	120.8
709.328	128.3
709.698	126.3
710.069	114.2
710.439	103.7
710.809	99.0
711.180	99.3
711.550	101.5
711.921	108.6
712.291	117.3
712.662	121.6
713.032	120.0
713.403	111.5
713.773	102.0
714.144	99.7
714.515	95.9
714.885	94.2
715.256	95.5
715.627	96.9
715.997	93.8
716.368	95.8
716.739	92.0
717.109	94.2
717.480	94.0
717.851	93.8
718.222	92.9
718.593	93.5
718.964	94.6
719.334	92.6
719.705	94.1
720.076	92.9
720.447	95.1
720.818	92.8
721.189	94.7
721.560	94.5
721.931	94.4
722.302	93.7
722.673	93.2
723.045	93.4
723.416	92.4
723.787	93.7
724.158	92.2
724.529	92.5
724.900	93.3
725.272	93.8
725.643	92.0
726.014	93.5
726.385	95.0
726.757	92.8
727.128	95.2
727.499	93.5
727.871	93.9
728.242	94.8
728.614	93.9
728.985	91.8
729.357	93.1
729.728	95.3
730.100	92.6
730.471	92.4
730.843	94.2
731.214	93.3
731.586	94.5
731.957	93.8
732.329	96.3
732.701	94.2
733.072	91.8
733.444	91.4
733.816	93.0
734.187	94.7
734.559	93.0
734.931	95.2
735.303	92.6
735.675	93.0
736.046	94.8
736.418	92.8
736.790	94.8
737.162	95.6
737.534	93.5
737.906	93.5
738.278	92.6
738.650	96.0
739.022	96.2
739.394	93.9
739.766	93.8
740.138	94.4
740.510	96.1
740.882	93.7
741.254	92.8
741.627	92.9
741.999	94.1
742.371	93.1
742.743	95.5
743.115	93.1
743.488	97.8
743.860	94.8
744.232	95.4
744.605	95.3
744.977	93.7
745.349	93.9
745.722	93.6
746.094	93.4
746.466	93.2
746.839	95.6
747.211	92.5
747.584	93.8
747.956	93.6
748.329	94.4
748.701	94.8
749.074	94.5
749.447	93.2
749.819	91.9
750.192	94.7
750.565	95.1
750.937	97.9
751.310	96.0
751.683	92.8
752.055	95.4
752.428	92.3
752.801	93.6
753.174	94.5
753.546	93.2
753.919	93.0
754.292	94.1
754.665	92.6
755.038	94.5
755.411	97.9
755.784	93.6
756.157	92.9
756.530	93.1
756.903	93.5
757.276	92.4
757.649	93.6
758.022	94.1
758.395	94.8
758.768	94.2
759.141	92.2
759.514	93.5
759.887	93.8
760.261	92.8
760.634	91.2
761.007	92.9
761.380	91.0
761.754	94.1
762.127	91.4
762.500	94.0
762.873	92.3
763.247	94.7
763.620	96.2
763.994	97.6
764.367	92.8
764.740	94.3
765.114	91.9
765.487	93.0
765.861	94.8
766.234	93.4
766.608	92.1
766.981	92.3
767.355	95.6
767.729	93.0
768.102	91.4
768.476	93.3
768.849	95.2
769.223	93.9
769.597	92.7
769.970	94.6
770.344	92.3
770.718	92.5
771.092	91.8
771.466	91.6
771.839	93.3
772.213	93.3
772.587	94.0
772.961	94.3
773.335	93.8
773.709	93.5
774.083	91.6
774.457	92.2
774.831	91.9
775.204	90.7
775.579	93.9
775.953	90.4
776.327	91.6
776.701	93.3
777.075	93.2
777.449	93.6
777.823	92.6
778.197	91.9
778.571	90.7
778.945	93.6
779.320	96.4
779.694	94.0
780.068	94.7
780.442	92.9
780.817	92.8
781.191	94.3
781.565	94.1
781.940	93.5
782.314	94.4
782.688	95.1
783.063	94.2
783.437	94.8
783.812	93.5
784.186	92.9
784.561	92.6
784.935	93.4
785.310	91.6
785.684	93.8
786.059	93.8
786.433	94.5
786.808	94.5
787.183	94.0
787.557	94.7
787.932	93.0
788.307	94.0
788.681	93.7
789.056	93.0
789.431	94.5
789.806	93.0
790.180	93.8
790.555	92.3
790.930	93.0
791.305	96.4
791.680	93.0
792.054	94.0
792.429	93.8
792.804	92.4
793.179	91.7
793.554	93.3
793.929	92.9
794.304	94.3
794.679	93.2
795.054	94.8
795.429	93.5
795.804	95.2
796.179	93.4
796.555	96.1
796.930	93.0
797.305	92.1
797.680	94.7
798.055	93.8
798.430	93.6
798.806	92.2
799.181	93.8
799.556	92.5
799.931	93.8
800.307	95.8
800.682	94.5
801.057	93.3
801.433	94.7
801.808	94.9
802.184	95.8
802.559	92.2
802.934	92.5
803.310	94.8
803.685	93.8
804.061	93.0
804.436	92.3
804.812	93.3
805.187	94.6
805.563	91.5
805.939	92.1
806.314	94.0
806.690	92.7
807.065	93.5
807.441	94.4
807.817	93.9
808.193	93.6
808.568	94.8
808.944	93.9
809.320	91.7
809.696	91.7
810.071	93.6
810.447	96.1
810.823	96.4
811.199	96.4
811.575	100.5
811.951	96.1
812.327	95.5
812.703	94.6
813.079	93.8
813.454	93.1
813.830	96.2
814.206	93.5
814.583	92.2
814.959	91.1
815.335	96.2
815.711	94.6
816.087	95.6
816.463	92.7
816.839	93.7
817.215	93.8
817.591	91.9
817.968	92.4
818.344	95.9
818.720	92.7
819.096	93.5
819.473	93.7
819.849	96.0
820.225	94.3
820.602	93.3
820.978	95.8
821.354	95.1
821.731	94.3
822.107	97.2
822.484	92.8
822.860	94.5
823.236	93.6
823.613	95.5
823.989	94.3
824.366	95.0
824.743	94.3
825.119	94.0
825.496	95.1
825.872	93.6
826.249	96.1
826.626	92.7
827.002	94.3
827.379	94.1
827.756	95.4
828.132	93.6
828.509	98.1
828.886	93.9
829.262	93.1
829.639	96.5
830.016	93.9
830.393	94.9
830.770	96.1
831.147	95.8
831.523	92.7
831.900	94.3
832.277	93.9
832.654	95.9
833.031	93.8
833.408	94.5
833.785	95.4
834.162	96.0
834.539	95.7
834.916	95.1
835.293	94.6
835.670	96.3
836.047	94.4
836.425	94.0
836.802	95.5
837.179	95.5
837.556	92.8
837.933	94.9
838.310	94.8
838.688	94.2
839.065	90.8
839.442	95.7
839.819	94.0
840.197	95.8
840.574	95.7
840.951	99.0
841.329	95.4
841.706	95.0
842.083	93.3
842.461	94.6
842.838	95.8
843.216	94.2
843.593	93.2
843.971	94.0
844.348	96.6
844.726	95.6
845.103	93.9
845.481	94.6
845.858	93.9
846.236	94.6
846.614	95.5
846.991	95.8
847.369	92.7
847.747	94.5
848.124	97.0
848.502	93.9
848.880	93.8
849.257	93.2
849.635	95.0
850.013	93.3
850.391	95.0
850.768	95.6
851.146	91.9
851.524	97.3
851.902	95.2
852.280	93.7
852.658	96.0
853.036	95.2
853.414	95.9
853.792	94.5
854.170	95.7
854.548	92.7
854.926	94.7
855.304	91.8
855.682	94.0
856.060	95.9
856.438	95.4
856.816	95.1
857.194	94.3
857.572	93.6
857.950	95.3
858.328	95.6
858.707	94.6
859.085	94.5
859.463	97.4
859.841	95.6
860.220	95.7
860.598	95.3
860.976	96.2
861.354	93.8
861.733	96.6
862.111	96.0
862.489	95.7
862.868	95.6
863.246	97.1
863.625	97.6
864.003	96.5
864.382	97.1
864.760	96.2
865.139	95.4
865.517	98.1
865.896	96.7
866.274	98.2
866.653	93.6
867.031	95.9
867.410	95.9
867.788	94.9
868.167	97.8
868.546	95.1
868.924	94.8
869.303	98.8
869.682	95.4
870.061	93.1
870.439	97.0
870.818	99.2
871.197	96.3
871.576	95.6
871.954	94.5
872.333	96.1
872.712	94.1
873.091	96.4
873.470	95.5
873.849	94.8
874.228	95.8
874.606	95.3
874.985	94.0
875.364	93.4
875.743	99.5
876.122	95.3
876.501	94.7
876.880	96.5
877.259	96.1
877.639	96.4
878.018	96.3
878.397	96.6
878.776	96.1
879.155	95.5
879.534	94.8
879.913	95.3
880.293	97.9
880.672	96.1
881.051	94.7
881.430	95.3
881.809	93.5
882.189	95.8
882.568	96.8
882.947	96.6
883.327	95.8
883.706	95.9
884.085	95.7
884.465	94.5
884.844	97.1
885.224	92.9
885.603	96.7
885.982	94.3
886.362	97.1
886.741	97.2
887.121	94.1
887.500	94.3
887.880	95.4
888.259	96.8
888.639	94.9
889.019	97.0
889.398	96.8
889.778	96.0
890.157	96.7
890.537	95.9
890.917	95.1
891.296	96.4
891.676	95.7
892.056	96.5
892.436	96.6
892.815	97.4
893.195	96.3
893.575	95.1
893.955	96.4
894.335	96.9
894.714	96.7
895.094	95.4
895.474	96.9
895.854	96.4
896.234	96.5
896.614	95.4
896.994	96.3
897.374	95.2
897.754	94.6
898.134	96.5
898.514	95.8
898.894	96.4
899.274	95.2
899.654	97.3
900.034	95.2
900.414	96.4
900.794	96.7
901.174	97.0
901.554	95.3
901.935	96.6
902.315	97.0
902.695	97.5
903.075	95.9
903.455	97.8
903.836	98.5
904.216	95.1
904.596	96.6
904.977	97.9
905.357	96.7
905.737	97.9
