175.633	73.6
175.959	72.9
176.286	71.2
176.612	73.3
176.939	72.3
177.265	76.4
177.592	74.6
177.919	73.1
178.245	74.7
178.572	75.7
178.899	70.8
179.226	76.3
179.553	77.0
179.879	77.2
180.206	74.2
180.533	72.4
180.860	75.9
181.187	76.6
181.514	74.5
181.841	75.1
182.168	75.4
182.496	74.1
182.823	78.8
183.150	73.7
183.477	76.8
183.805	76.9
184.132	78.1
184.459	76.2
184.787	75.1
185.114	77.5
185.442	77.9
185.769	78.0
186.097	78.7
186.424	81.9
186.752	81.5
187.079	79.5
187.407	79.0
187.735	78.4
188.063	78.0
188.390	77.6
188.718	77.1
189.046	78.2
189.374	77.1
189.702	78.1
190.030	79.0
190.358	78.5
190.686	76.7
191.014	77.8
191.342	80.4
191.670	78.0
191.999	79.3
192.327	78.1
192.655	78.9
192.983	78.1
193.312	83.5
193.640	81.0
193.968	79.0
194.297	78.3
194.625	78.0
194.954	79.6
195.282	81.9
195.611	83.3
195.940	82.8
196.268	79.6
196.597	80.5
196.926	82.8
197.254	82.3
197.583	82.2
197.912	84.1
198.241	82.7
198.570	78.9
198.899	80.6
199.228	80.9
199.557	78.0
199.886	79.7
200.215	78.1
200.544	81.5
200.873	82.5
201.202	82.3
201.531	78.1
201.861	84.6
202.190	83.9
202.519	82.0
202.849	82.5
203.178	81.2
203.507	85.6
203.837	83.5
204.166	82.4
204.496	82.8
204.826	84.0
205.155	83.4
205.485	86.2
205.814	84.8
206.144	83.1
206.474	85.4
206.804	82.4
207.133	83.6
207.463	84.2
207.793	84.1
208.123	85.8
208.453	85.8
208.783	84.8
209.113	84.0
209.443	86.8
209.773	82.8
210.103	85.0
210.433	85.6
210.764	83.1
211.094	82.9
211.424	85.7
211.754	84.9
212.085	84.5
212.415	89.4
212.746	80.7
213.076	80.4
213.407	81.1
213.737	87.0
214.068	84.8
214.398	86.0
214.729	84.2
215.059	81.4
215.390	85.0
215.721	79.4
216.052	81.8
216.382	81.0
216.713	80.6
217.044	84.6
217.375	83.5
217.706	83.0
218.037	82.5
218.368	81.4
218.699	83.6
219.030	82.8
219.361	83.4
219.692	84.2
220.023	83.1
220.355	83.6
220.686	83.8
221.017	83.9
221.348	83.0
221.680	82.6
222.011	82.9
222.343	82.8
222.674	85.4
223.006	85.2
223.337	88.5
223.669	82.9
224.000	84.1
224.332	83.6
224.663	85.1
224.995	84.2
225.327	85.0
225.659	83.6
225.990	85.4
226.322	84.6
226.654	87.6
226.986	86.1
227.318	87.4
227.650	87.5
227.982	87.4
228.314	84.5
228.646	86.5
228.978	83.1
229.310	87.7
229.642	87.5
229.975	85.5
230.307	83.8
230.639	85.2
230.972	83.9
231.304	86.1
231.636	84.4
231.969	84.1
232.301	84.7
232.634	85.1
232.966	85.7
233.299	84.7
233.631	87.4
233.964	88.6
234.297	86.8
234.629	86.5
234.962	84.6
235.295	86.1
235.628	85.1
235.960	86.0
236.293	88.5
236.626	86.5
236.959	87.8
237.292	89.0
237.625	86.5
237.958	87.7
238.291	87.6
238.624	87.1
238.957	87.3
239.291	87.4
239.624	85.5
239.957	88.3
240.290	85.4
240.624	88.7
240.957	86.3
241.290	88.1
241.624	88.5
241.957	85.1
242.291	88.1
242.624	87.3
242.958	89.1
243.291	89.5
243.625	87.8
243.959	90.0
244.292	91.0
244.626	89.8
244.960	87.9
245.293	87.2
245.627	86.9
245.961	88.8
246.295	87.1
246.629	91.2
246.963	85.6
247.297	87.3
247.631	87.1
247.965	85.1
248.299	88.6
248.633	85.6
248.967	87.3
249.302	85.5
249.636	87.8
249.970	87.1
250.304	86.7
250.639	84.9
250.973	87.9
251.307	87.2
251.642	87.3
251.976	90.2
252.311	88.9
252.645	89.0
252.980	91.4
253.314	89.5
253.649	90.4
253.984	87.0
254.318	87.4
254.653	89.4
254.988	88.3
255.323	87.0
255.658	86.5
255.992	88.8
256.327	89.2
256.662	89.4
256.997	86.9
257.332	87.4
257.667	88.1
258.002	88.0
258.338	86.1
258.673	88.4
259.008	85.6
259.343	89.7
259.678	86.7
260.014	90.7
260.349	85.5
260.684	88.0
261.020	86.4
261.355	87.6
261.690	86.8
262.026	90.9
262.361	87.7
262.697	89.3
263.032	86.8
263.368	87.3
263.704	88.3
264.039	89.3
264.375	87.1
264.711	89.4
265.047	84.4
265.382	88.9
265.718	93.7
266.054	88.9
266.390	91.3
266.726	89.7
267.062	91.3
267.398	90.1
267.734	89.0
268.070	88.8
268.406	89.9
268.742	89.9
269.079	89.6
269.415	93.0
269.751	88.9
270.087	90.0
270.424	87.4
270.760	90.4
271.096	87.4
271.433	88.9
271.769	87.4
272.106	90.7
272.442	87.2
272.779	89.6
273.115	89.7
273.452	89.5
273.789	90.3
274.125	87.2
274.462	88.3
274.799	90.1
275.135	88.2
275.472	88.1
275.809	88.9
276.146	90.5
276.483	90.0
276.820	89.1
277.157	89.3
277.494	88.8
277.831	87.3
278.168	89.1
278.505	88.7
278.842	87.1
279.179	88.0
279.516	90.6
279.854	88.5
280.191	89.4
280.528	87.9
280.866	88.2
281.203	88.5
281.540	89.0
281.878	88.1
282.215	88.5
282.553	90.3
282.890	89.3
283.228	90.1
283.566	90.0
283.903	91.6
284.241	92.3
284.579	90.7
284.916	90.1
285.254	88.4
285.592	88.6
285.930	89.0
286.268	93.0
286.605	88.7
286.943	91.1
287.281	91.7
287.619	88.9
287.957	88.2
288.295	91.3
288.633	88.8
288.972	89.3
289.310	91.1
289.648	92.7
289.986	91.9
290.324	92.3
290.663	89.4
291.001	92.1
291.339	91.0
291.678	91.1
292.016	89.3
292.355	89.4
292.693	89.0
293.032	91.3
293.370	90.8
293.709	90.6
294.047	89.3
294.386	89.6
294.725	89.2
295.063	92.0
295.402	91.5
295.741	90.8
296.080	85.7
296.419	91.5
296.758	89.7
297.096	91.1
297.435	88.3
297.774	90.5
298.113	93.8
298.452	93.0
298.791	92.4
299.131	93.0
299.470	89.1
299.809	93.8
300.148	89.8
300.487	91.4
300.827	92.4
301.166	90.1
301.505	92.8
301.845	91.5
302.184	90.2
302.523	91.4
302.863	90.2
303.202	92.5
303.542	89.1
303.881	90.5
304.221	92.9
304.561	93.2
304.900	91.2
305.240	92.5
305.580	94.6
305.920	94.0
306.259	91.5
306.599	92.9
306.939	93.6
307.279	92.7
307.619	93.7
307.959	92.6
308.299	91.1
308.639	90.8
308.979	96.0
309.319	96.1
309.659	93.7
309.999	94.1
310.339	93.1
310.679	96.2
311.020	93.8
311.360	94.2
311.700	94.5
312.041	92.0
312.381	92.9
312.721	95.2
313.062	95.7
313.402	95.3
313.743	92.4
314.083	97.2
314.424	94.8
314.764	96.6
315.105	96.4
315.446	96.0
315.786	91.9
316.127	94.4
316.468	94.7
316.809	97.0
317.149	96.1
317.490	95.0
317.831	95.8
318.172	96.2
318.513	99.3
318.854	98.4
319.195	95.1
319.536	99.6
319.877	99.8
320.218	101.9
320.559	100.8
320.901	100.2
321.242	97.4
321.583	98.6
321.924	101.7
322.266	102.1
322.607	99.7
322.948	103.0
323.290	104.8
323.631	110.5
323.972	115.1
324.314	121.7
324.655	147.9
324.997	211.1
325.339	325.6
325.680	475.5
326.022	626.1
326.364	803.4
326.705	1168.5
327.047	2198.0
327.389	2328.7
327.731	1477.6
328.072	288.7
328.414	110.6
328.756	105.0
329.098	101.0
329.440	100.3
329.782	99.1
330.124	97.9
330.466	98.5
330.808	100.8
331.150	97.4
331.492	91.7
331.835	94.0
332.177	94.1
332.519	92.7
332.861	91.5
333.204	93.2
333.546	89.7
333.888	91.2
334.231	91.9
334.573	90.7
334.916	92.4
335.258	94.1
335.601	96.3
335.943	92.3
336.286	91.2
336.628	91.9
336.971	94.4
337.314	94.9
337.657	96.1
337.999	97.5
338.342	96.0
338.685	96.4
339.028	97.5
339.371	100.7
339.714	106.1
340.056	118.5
340.399	125.3
340.742	137.9
341.085	173.4
341.429	225.3
341.772	211.1
342.115	137.9
342.458	96.8
342.801	95.6
343.144	91.7
343.488	94.2
343.831	94.3
344.174	95.4
344.517	97.8
344.861	98.1
345.204	102.4
345.548	104.2
345.891	122.7
346.235	150.8
346.578	186.8
346.922	229.4
347.265	323.7
347.609	525.7
347.953	537.9
348.296	348.9
348.640	135.6
348.984	97.0
349.328	96.2
349.671	96.9
350.015	94.1
350.359	92.7
350.703	97.7
351.047	97.6
351.391	94.6
351.735	92.8
352.079	89.6
352.423	90.9
352.767	92.3
353.111	94.4
353.455	93.7
353.800	91.1
354.144	93.9
354.488	93.8
354.832	94.0
355.177	91.8
355.521	91.2
355.865	91.5
356.210	94.0
356.554	94.9
356.899	96.3
357.243	96.3
357.588	95.0
357.932	96.6
358.277	93.0
358.621	92.9
358.966	94.5
359.311	98.3
359.655	102.5
360.000	106.3
360.345	124.2
360.690	160.4
361.035	215.1
361.379	288.9
361.724	454.0
362.069	746.2
362.414	761.4
362.759	486.5
363.104	177.8
363.449	98.0
363.794	95.6
364.139	92.9
364.485	91.0
364.830	95.0
365.175	98.5
365.520	101.6
365.865	111.1
366.211	116.1
366.556	109.3
366.901	100.8
367.247	92.7
367.592	91.4
367.938	90.6
368.283	90.2
368.629	90.6
368.974	89.6
369.320	90.8
369.665	88.0
370.011	90.1
370.357	89.5
370.702	88.1
371.048	88.4
371.394	89.7
371.740	89.2
372.085	86.7
372.431	88.6
372.777	89.4
373.123	89.0
373.469	91.2
373.815	92.1
374.161	86.6
374.507	90.2
374.853	92.1
375.199	87.7
375.545	89.1
375.891	90.0
376.238	89.9
376.584	88.5
376.930	90.3
377.276	92.1
377.623	90.7
377.969	90.5
378.315	91.6
378.662	90.4
379.008	92.0
379.355	93.7
379.701	92.1
380.048	94.4
380.394	92.6
380.741	92.8
381.087	93.2
381.434	89.2
381.781	88.4
382.127	89.5
382.474	88.7
382.821	92.7
383.168	92.6
383.514	93.0
383.861	93.7
384.208	93.5
384.555	92.0
384.902	92.9
385.249	90.7
385.596	92.3
385.943	90.2
386.290	90.9
386.637	90.7
386.984	93.1
387.331	90.9
387.679	92.6
388.026	93.3
388.373	92.2
388.720	90.2
389.068	89.2
389.415	90.6
389.762	88.8
390.110	92.1
390.457	93.1
390.804	91.8
391.152	90.9
391.499	88.4
391.847	90.4
392.195	90.5
392.542	90.8
392.890	91.5
393.237	91.2
393.585	92.0
393.933	94.3
394.281	93.0
394.628	93.3
394.976	92.3
395.324	93.4
395.672	93.3
396.020	92.7
396.368	89.3
396.716	89.6
397.064	94.9
397.412	91.9
397.760	90.9
398.108	89.3
398.456	91.3
398.804	90.5
399.152	87.7
399.500	90.2
399.849	92.6
400.197	90.5
400.545	88.7
400.893	91.6
401.242	91.1
401.590	92.9
401.939	90.6
402.287	92.0
402.635	91.6
402.984	93.3
403.332	92.6
403.681	92.4
404.030	92.7
404.378	98.1
404.727	112.6
405.075	140.7
405.424	199.4
405.773	231.9
406.122	192.2
406.470	116.9
406.819	92.6
407.168	94.4
407.517	93.1
407.866	97.2
408.215	101.0
408.564	104.6
408.913	102.9
409.262	103.8
409.611	95.9
409.960	92.6
410.309	93.1
410.658	96.1
411.007	94.3
411.357	93.6
411.706	96.6
412.055	96.5
412.404	95.6
412.754	92.8
413.103	94.5
413.452	95.8
413.802	92.8
414.151	93.0
414.501	94.1
414.850	95.0
415.200	95.5
415.549	96.5
415.899	95.2
416.248	94.4
416.598	96.0
416.948	96.1
417.297	98.8
417.647	95.0
417.997	96.5
418.347	94.5
418.697	95.8
419.046	98.9
419.396	100.7
419.746	98.0
420.096	102.2
420.446	100.7
420.796	99.9
421.146	101.0
421.496	104.5
421.846	99.5
422.196	106.2
422.546	102.6
422.897	103.6
423.247	103.2
423.597	104.1
423.947	102.7
424.298	106.0
424.648	103.1
424.998	102.3
425.349	105.0
425.699	106.6
426.049	107.6
426.400	110.0
426.750	107.9
427.101	108.8
427.451	109.1
427.802	112.7
428.153	108.5
428.503	110.1
428.854	110.8
429.205	111.7
429.555	115.6
429.906	112.6
430.257	113.6
430.608	118.7
430.958	116.2
431.309	119.4
431.660	117.3
432.011	116.7
432.362	118.5
432.713	121.3
433.064	120.4
433.415	122.9
433.766	122.7
434.117	124.0
434.468	125.3
434.819	128.5
435.171	131.4
435.522	141.4
435.873	175.3
436.224	258.7
436.576	457.8
436.927	561.2
437.278	434.0
437.630	202.5
437.981	126.4
438.333	123.9
438.684	122.5
439.035	125.1
439.387	126.3
439.739	126.7
440.090	124.8
440.442	124.2
440.793	125.2
441.145	126.5
441.497	128.7
441.848	137.9
442.200	147.8
442.552	160.7
442.904	153.6
443.256	135.1
443.607	127.7
443.959	125.6
444.311	127.4
444.663	128.0
445.015	126.5
445.367	128.3
445.719	128.2
446.071	128.3
446.423	129.0
446.776	127.5
447.128	131.8
447.480	128.0
447.832	126.8
448.184	129.5
448.537	128.7
448.889	127.9
449.241	130.0
449.594	129.4
449.946	130.1
450.298	129.9
450.651	128.3
451.003	127.6
451.356	129.7
451.708	129.6
452.061	129.5
452.413	127.8
452.766	127.0
453.119	132.8
453.471	127.8
453.824	131.5
454.177	129.7
454.529	130.0
454.882	133.1
455.235	131.2
455.588	131.4
455.941	130.7
456.294	133.8
456.647	129.9
456.999	128.6
457.352	131.7
457.705	130.2
458.058	130.3
458.412	130.1
458.765	131.4
459.118	129.8
459.471	130.7
459.824	129.8
460.177	129.1
460.530	132.3
460.884	129.5
461.237	129.6
461.590	129.3
461.944	133.5
462.297	130.7
462.650	129.2
463.004	134.1
463.357	132.1
463.711	133.0
464.064	132.3
464.418	132.5
464.771	133.4
465.125	131.3
465.479	134.7
465.832	132.0
466.186	134.9
466.540	138.7
466.893	146.0
467.247	159.5
467.601	183.0
467.955	310.0
468.309	801.1
468.662	1632.4
469.016	1652.9
469.370	971.3
469.724	235.6
470.078	138.3
470.432	135.0
470.786	130.2
471.140	128.7
471.494	133.4
471.849	130.5
472.203	129.6
472.557	129.7
472.911	128.1
473.265	128.4
473.620	128.1
473.974	129.0
474.328	127.4
474.682	127.9
475.037	128.2
475.391	125.9
475.746	130.4
476.100	127.4
476.455	127.9
476.809	128.2
477.164	130.5
477.518	131.0
477.873	131.8
478.227	133.2
478.582	136.9
478.937	142.8
479.291	156.1
479.646	189.6
480.001	364.2
480.356	1197.2
480.711	3151.0
481.065	3981.6
481.420	2850.4
481.775	794.5
482.130	166.2
482.485	142.2
482.840	141.2
483.195	141.6
483.550	144.8
483.905	148.5
484.260	152.7
484.615	158.1
484.970	164.5
485.326	170.5
485.681	177.3
486.036	186.4
486.391	192.0
486.747	201.3
487.102	208.2
487.457	211.9
487.813	211.1
488.168	212.5
488.523	209.0
488.879	210.3
489.234	204.2
489.590	200.7
489.945	203.2
490.301	198.7
490.656	196.2
491.012	193.3
491.368	188.4
491.723	185.5
492.079	184.2
492.435	184.9
492.791	180.8
493.146	177.9
493.502	174.1
493.858	170.0
494.214	170.3
494.570	171.5
494.926	165.9
495.281	161.4
495.637	158.2
495.993	154.1
496.349	153.8
496.705	152.1
497.062	151.4
497.418	152.4
497.774	150.7
498.130	149.4
498.486	149.7
498.842	146.7
499.199	144.1
499.555	140.7
499.911	136.9
500.267	134.9
500.624	134.1
500.980	127.5
501.337	128.5
501.693	126.6
502.049	126.6
502.406	123.8
502.762	122.9
503.119	121.7
503.475	122.2
503.832	122.5
504.189	121.8
504.545	123.6
504.902	123.8
505.259	125.5
505.615	121.7
505.972	125.8
506.329	124.6
506.686	127.8
507.043	126.9
507.399	134.3
507.756	139.0
508.113	155.1
508.470	241.2
508.827	717.4
509.184	2261.4
509.541	3617.1
509.898	3011.0
510.255	1149.7
510.612	177.7
510.969	122.4
511.327	117.7
511.684	113.6
512.041	112.9
512.398	111.9
512.755	109.4
513.113	109.4
513.470	107.4
513.827	107.4
514.185	108.1
514.542	109.3
514.900	107.5
515.257	107.3
515.614	107.8
515.972	116.5
516.329	122.2
516.687	119.7
517.045	112.9
517.402	107.0
517.760	107.0
518.117	104.4
518.475	103.7
518.833	104.3
519.191	104.1
519.548	103.4
519.906	102.5
520.264	104.9
520.622	103.2
520.980	103.4
521.338	104.2
521.695	103.4
522.053	102.4
522.411	103.0
522.769	100.9
523.127	101.7
523.485	99.5
523.844	103.4
524.202	101.6
524.560	101.9
524.918	100.2
525.276	103.2
525.634	102.1
525.993	103.3
526.351	100.7
526.709	100.9
527.067	100.8
527.426	102.2
527.784	103.3
528.143	106.4
528.501	102.2
528.859	104.4
529.218	102.8
529.576	102.2
529.935	103.6
530.293	102.2
530.652	101.9
531.011	102.5
531.369	103.3
531.728	105.2
532.087	102.1
532.445	101.2
532.804	104.4
533.163	105.7
533.522	108.1
533.880	108.5
534.239	110.2
534.598	111.5
534.957	108.9
535.316	109.1
535.675	110.5
536.034	108.7
536.393	111.3
536.752	112.2
537.111	114.8
537.470	115.2
537.829	119.7
538.188	123.4
538.547	132.0
538.907	137.0
539.266	149.4
539.625	157.0
539.984	161.3
540.344	174.3
540.703	191.1
541.062	210.4
541.422	232.3
541.781	261.5
542.140	311.7
542.500	381.7
542.859	452.1
543.219	495.3
543.578	503.4
543.938	500.5
544.297	496.6
544.657	501.8
545.017	494.9
545.376	474.6
545.736	456.4
546.096	446.0
546.455	498.3
546.815	636.4
547.175	642.4
547.535	491.1
547.895	301.3
548.254	250.5
548.614	237.4
548.974	227.3
549.334	228.8
549.694	233.1
550.054	231.0
550.414	230.3
550.774	218.7
551.134	205.4
551.494	196.9
551.854	190.1
552.215	185.1
552.575	189.1
552.935	184.0
553.295	181.7
553.655	176.9
554.016	166.8
554.376	157.1
554.736	150.7
555.097	139.4
555.457	133.2
555.817	127.5
556.178	121.7
556.538	119.3
556.899	119.1
557.259	114.5
557.620	113.7
557.980	109.6
558.341	110.5
558.701	112.9
559.062	108.8
559.423	107.9
559.783	111.5
560.144	108.5
560.505	108.4
560.866	108.6
561.226	109.2
561.587	109.1
561.948	106.4
562.309	105.3
562.670	108.6
563.031	107.9
563.391	107.2
563.752	106.1
564.113	108.2
564.474	107.0
564.835	105.1
565.197	106.5
565.558	107.3
565.919	106.2
566.280	107.5
566.641	103.3
567.002	104.6
567.363	106.3
567.725	106.1
568.086	105.8
568.447	105.4
568.808	104.4
569.170	106.0
569.531	106.0
569.893	104.9
570.254	107.3
570.615	107.6
570.977	108.5
571.338	106.7
571.700	107.3
572.061	107.3
572.423	107.1
572.785	109.0
573.146	108.8
573.508	108.3
573.869	109.8
574.231	110.2
574.593	111.6
574.955	112.0
575.316	114.2
575.678	112.6
576.040	111.9
576.402	114.2
576.764	118.0
577.126	127.8
577.487	154.6
577.849	180.8
578.211	169.4
578.573	143.9
578.935	127.3
579.297	136.8
579.659	163.0
580.022	188.7
580.384	187.5
580.746	172.5
581.108	176.7
581.470	178.3
581.832	170.6
582.195	159.7
582.557	164.7
582.919	172.4
583.281	179.5
583.644	189.7
584.006	206.4
584.368	218.3
584.731	220.4
585.093	217.8
585.456	206.6
585.818	199.6
586.181	191.5
586.543	186.4
586.906	186.1
587.268	188.1
587.631	207.6
587.994	232.9
588.356	249.4
588.719	242.5
589.082	216.6
589.445	196.2
589.807	182.0
590.170	177.2
590.533	176.9
590.896	172.7
591.259	171.3
591.621	166.8
591.984	162.6
592.347	160.2
592.710	161.3
593.073	165.6
593.436	174.4
593.799	183.5
594.162	186.1
594.525	176.2
594.888	159.7
595.252	141.8
595.615	133.9
595.978	130.8
596.341	129.6
596.704	128.8
597.068	128.4
597.431	129.2
597.794	127.3
598.157	129.0
598.521	128.1
598.884	132.2
599.248	136.0
599.611	143.0
599.974	147.9
600.338	152.3
600.701	152.5
601.065	145.4
601.428	138.1
601.792	132.1
602.156	131.7
602.519	125.1
602.883	123.5
603.247	120.2
603.610	120.4
603.974	121.9
604.338	122.1
604.701	120.1
605.065	122.0
605.429	122.2
605.793	125.8
606.157	124.7
606.521	124.0
606.885	127.9
607.248	129.5
607.612	129.7
607.976	131.5
608.340	137.0
608.704	142.3
609.069	144.9
609.433	152.9
609.797	164.4
610.161	180.2
610.525	206.9
610.889	254.1
611.253	355.9
611.618	533.5
611.982	734.9
612.346	796.3
612.710	670.6
613.075	482.7
613.439	362.5
613.803	317.6
614.168	294.7
614.532	280.8
614.897	273.9
615.261	265.9
615.626	257.7
615.990	240.6
616.355	220.2
616.719	199.8
617.084	184.2
617.448	175.6
617.813	171.1
618.178	172.0
618.542	167.7
618.907	167.9
619.272	164.3
619.637	165.9
620.001	172.7
620.366	176.3
620.731	183.6
621.096	187.6
621.461	188.8
621.826	188.4
622.190	184.7
622.555	181.6
622.920	176.2
623.285	172.1
623.650	169.6
624.015	165.8
624.380	165.7
624.746	165.4
625.111	162.6
625.476	163.8
625.841	162.0
626.206	159.0
626.571	154.8
626.937	151.3
627.302	150.4
627.667	149.3
628.032	146.2
628.398	147.7
628.763	146.4
629.128	144.9
629.494	148.2
629.859	147.4
630.225	149.0
630.590	154.7
630.956	161.7
631.321	174.3
631.687	185.9
632.052	192.0
632.418	176.2
632.783	159.2
633.149	142.9
633.515	136.1
633.880	128.2
634.246	126.7
634.612	120.3
634.978	121.0
635.343	121.5
635.709	119.3
636.075	118.1
636.441	118.5
636.807	120.8
637.173	120.1
637.538	115.9
637.904	116.8
638.270	116.5
638.636	117.5
639.002	117.6
639.368	119.2
639.734	118.5
640.101	119.9
640.467	119.0
640.833	120.2
641.199	122.9
641.565	124.3
641.931	126.8
642.297	127.1
642.664	127.1
643.030	128.9
643.396	139.6
643.763	213.3
644.129	560.7
644.495	1062.1
644.862	1170.3
645.228	787.4
645.594	281.0
645.961	140.0
646.327	128.4
646.694	123.8
647.060	124.0
647.427	123.5
647.793	122.0
648.160	121.5
648.527	118.9
648.893	121.5
649.260	118.3
649.627	121.7
649.993	121.9
650.360	123.4
650.727	129.4
651.094	133.8
651.460	136.5
651.827	132.1
652.194	127.7
652.561	121.5
652.928	120.0
653.295	123.0
653.662	120.2
654.029	123.8
654.396	121.9
654.763	120.0
655.130	119.5
655.497	118.0
655.864	119.8
656.231	119.8
656.598	118.5
656.965	117.2
657.332	118.5
657.699	117.4
658.067	117.8
658.434	119.4
658.801	119.5
659.168	118.1
659.536	118.2
659.903	116.0
660.270	115.0
660.638	118.6
661.005	115.2
661.373	114.8
661.740	118.0
662.108	119.7
662.475	121.5
662.843	124.6
663.210	126.6
663.578	127.6
663.945	125.2
664.313	121.4
664.680	119.6
665.048	119.1
665.416	119.0
665.783	121.3
666.151	117.2
666.519	118.8
666.887	118.8
667.254	119.4
667.622	118.9
667.990	122.5
668.358	122.2
668.726	123.5
669.094	122.5
669.462	120.2
669.830	120.8
670.197	122.2
670.565	118.0
670.933	120.5
671.302	119.3
671.670	120.0
672.038	118.8
672.406	119.5
672.774	119.4
673.142	119.3
673.510	119.7
673.878	118.7
674.247	121.7
674.615	118.4
674.983	117.1
675.351	119.5
675.720	117.9
676.088	121.0
676.456	119.8
676.825	119.6
677.193	118.9
677.561	120.3
677.930	119.2
678.298	120.0
678.667	121.3
679.035	121.7
679.404	121.9
679.772	121.2
680.141	123.4
680.510	120.9
680.878	118.6
681.247	120.7
681.616	122.2
681.984	121.2
682.353	122.9
682.722	123.3
683.090	120.3
683.459	120.1
683.828	119.8
684.197	124.1
684.566	121.8
684.934	120.1
685.303	121.0
685.672	118.7
686.041	120.7
686.410	121.1
686.779	119.8
687.148	123.3
687.517	123.3
687.886	128.4
688.255	130.1
688.624	128.0
688.993	127.8
689.363	126.8
689.732	121.8
690.101	121.3
690.470	121.2
690.839	122.5
691.208	119.5
691.578	120.0
691.947	122.4
692.316	122.1
692.686	123.0
693.055	122.8
693.424	121.5
693.794	123.4
694.163	128.4
694.533	132.0
694.902	130.1
695.272	123.6
695.641	119.8
696.011	124.9
696.380	126.1
696.750	143.6
697.119	172.2
697.489	180.0
697.859	156.7
698.228	132.9
698.598	124.3
698.968	122.8
699.337	121.5
699.707	123.7
700.077	122.2
700.447	121.3
700.816	123.7
701.186	124.6
701.556	124.5
701.926	123.5
702.296	123.3
702.666	123.7
703.036	125.2
703.406	125.9
703.776	127.1
704.146	126.3
704.516	128.2
704.886	126.9
705.256	129.4
705.626	132.0
705.996	131.2
706.366	135.1
706.736	148.0
707.106	179.3
707.477	205.6
707.847	201.4
708.217	172.3
708.587	148.8
708.958	144.6
709.328	151.8
709.698	159.6
710.069	158.9
710.439	148.7
710.809	139.0
711.180	133.3
711.550	130.6
711.921	133.6
712.291	143.4
712.662	149.8
713.032	154.7
713.403	155.0
713.773	146.3
714.144	137.2
714.515	131.8
714.885	131.9
715.256	134.3
715.627	136.1
715.997	131.5
716.368	129.9
716.739	128.0
717.109	127.7
717.480	127.5
717.851	124.6
718.222	125.3
718.593	127.6
718.964	128.5
719.334	125.7
719.705	127.6
720.076	127.9
720.447	129.1
720.818	125.3
721.189	128.8
721.560	129.4
721.931	129.9
722.302	129.4
722.673	126.6
723.045	128.2
723.416	128.2
723.787	129.3
724.158	128.0
724.529	127.1
724.900	126.6
725.272	127.9
725.643	126.8
726.014	128.1
726.385	128.5
726.757	128.9
727.128	130.5
727.499	136.6
727.871	144.0
728.242	143.8
728.614	137.4
728.985	129.3
729.357	129.7
729.728	131.3
730.100	128.7
730.471	130.5
730.843	128.5
731.214	130.2
731.586	130.7
731.957	130.4
732.329	133.0
732.701	134.1
733.072	128.6
733.444	128.3
733.816	130.0
734.187	131.5
734.559	130.1
734.931	134.2
735.303	135.4
735.675	134.9
736.046	133.3
736.418	131.0
736.790	132.2
737.162	132.5
737.534	133.4
737.906	134.2
738.278	141.5
738.650	196.2
739.022	251.2
739.394	235.3
739.766	180.9
740.138	145.1
740.510	136.9
740.882	134.9
741.254	132.7
741.627	132.0
741.999	132.4
742.371	133.2
742.743	134.7
743.115	133.4
743.488	136.2
743.860	132.7
744.232	134.1
744.605	134.9
744.977	133.8
745.349	132.6
745.722	134.9
746.094	132.3
746.466	135.1
746.839	133.0
747.211	131.4
747.584	131.5
747.956	131.6
748.329	134.8
748.701	134.0
749.074	134.3
749.447	133.1
749.819	132.5
750.192	137.8
750.565	179.5
750.937	231.6
751.310	234.0
751.683	232.6
752.055	249.8
752.428	231.8
752.801	175.0
753.174	144.5
753.546	136.6
753.919	133.9
754.292	133.5
754.665	134.5
755.038	134.3
755.411	137.8
755.784	134.6
756.157	132.5
756.530	132.8
756.903	132.7
757.276	133.8
757.649	132.5
758.022	132.4
758.395	135.1
758.768	132.3
759.141	131.2
759.514	131.6
759.887	132.1
760.261	133.1
760.634	131.5
761.007	132.8
761.380	131.3
761.754	133.2
762.127	130.2
762.500	132.5
762.873	132.4
763.247	144.1
763.620	261.9
763.994	481.9
764.367	513.9
764.740	324.3
765.114	179.4
765.487	141.1
765.861	137.8
766.234	135.1
766.608	131.8
766.981	133.0
767.355	134.5
767.729	131.6
768.102	131.4
768.476	132.2
768.849	133.7
769.223	132.8
769.597	130.1
769.970	131.9
770.344	129.8
770.718	129.8
771.092	129.2
771.466	131.1
771.839	132.3
772.213	135.5
772.587	186.9
772.961	253.1
773.335	242.1
773.709	176.3
774.083	139.0
774.457	132.8
774.831	129.8
775.204	129.6
775.579	130.9
775.953	128.7
776.327	127.5
776.701	129.7
777.075	129.5
777.449	128.1
777.823	126.4
778.197	129.1
778.571	126.4
778.945	127.8
779.320	133.3
779.694	129.9
780.068	129.8
780.442	126.3
780.817	128.4
781.191	127.7
781.565	127.0
781.940	128.8
782.314	127.1
782.688	129.6
783.063	126.7
783.437	129.4
783.812	125.9
784.186	127.0
784.561	127.6
784.935	127.4
785.310	125.5
785.684	127.5
786.059	126.9
786.433	128.2
786.808	127.2
787.183	125.6
787.557	127.6
787.932	125.6
788.307	125.5
788.681	125.6
789.056	124.5
789.431	126.9
789.806	126.7
790.180	126.2
790.555	124.5
790.930	124.8
791.305	127.1
791.680	125.1
792.054	124.3
792.429	125.3
792.804	124.0
793.179	124.7
793.554	125.3
793.929	125.7
794.304	125.3
794.679	130.9
795.054	179.6
795.429	222.4
795.804	204.2
796.179	146.4
796.555	131.3
796.930	124.7
797.305	123.5
797.680	124.3
798.055	126.9
798.430	123.5
798.806	124.7
799.181	123.1
799.556	122.8
799.931	124.6
800.307	124.6
800.682	137.8
801.057	162.3
801.433	177.7
801.808	215.2
802.184	229.4
802.559	186.3
802.934	138.0
803.310	128.8
803.685	126.0
804.061	123.9
804.436	123.1
804.812	122.3
805.187	122.8
805.563	120.6
805.939	121.7
806.314	122.5
806.690	123.4
807.065	121.5
807.441	122.3
807.817	122.1
808.193	121.8
808.568	123.2
808.944	122.5
809.320	120.0
809.696	120.7
810.071	123.0
810.447	159.8
810.823	233.9
811.199	250.1
811.575	277.4
811.951	502.3
812.327	548.4
812.703	310.3
813.079	160.2
813.454	134.9
813.830	132.0
814.206	126.6
814.583	122.2
814.959	124.5
815.335	126.9
815.711	125.2
816.087	124.4
816.463	123.2
816.839	123.6
817.215	120.8
817.591	118.7
817.968	120.0
818.344	122.9
818.720	120.9
819.096	121.7
819.473	120.1
819.849	121.9
820.225	120.2
820.602	121.4
820.978	122.8
821.354	121.5
821.731	119.5
822.107	122.9
822.484	117.6
822.860	121.1
823.236	119.6
823.613	121.9
823.989	119.6
824.366	119.8
824.743	120.2
825.119	120.8
825.496	119.3
825.872	120.8
826.249	120.8
826.626	143.6
827.002	168.0
827.379	164.6
827.756	133.0
828.132	119.3
828.509	122.2
828.886	119.9
829.262	118.1
829.639	117.9
830.016	118.6
830.393	118.4
830.770	121.8
831.147	117.5
831.523	116.1
831.900	118.2
832.277	117.2
832.654	117.3
833.031	115.8
833.408	118.0
833.785	116.3
834.162	118.2
834.539	118.1
834.916	116.1
835.293	117.8
835.670	117.6
836.047	116.2
836.425	115.5
836.802	115.8
837.179	116.5
837.556	115.1
837.933	116.1
838.310	115.9
838.688	114.5
839.065	113.0
839.442	117.2
839.819	114.7
840.197	117.9
840.574	118.3
840.951	153.5
841.329	199.8
841.706	199.4
842.083	142.3
842.461	144.3
842.838	216.3
843.216	241.2
843.593	179.5
843.971	127.0
844.348	121.3
844.726	117.6
845.103	115.7
845.481	116.6
845.858	115.0
846.236	114.9
846.614	115.7
846.991	115.7
847.369	113.0
847.747	115.7
848.124	116.4
848.502	113.9
848.880	113.7
849.257	113.8
849.635	115.2
850.013	113.8
850.391	112.8
850.768	112.9
851.146	112.2
851.524	117.0
851.902	113.2
852.280	123.8
852.658	141.3
853.036	141.2
853.414	122.8
853.792	113.8
854.170	113.3
854.548	111.5
854.926	112.7
855.304	109.0
855.682	111.8
856.060	113.9
856.438	113.0
856.816	113.4
857.194	111.6
857.572	110.3
857.950	112.6
858.328	113.0
858.707	113.1
859.085	112.5
859.463	113.9
859.841	111.7
860.220	111.5
860.598	111.7
860.976	112.1
861.354	109.7
861.733	112.8
862.111	112.5
862.489	112.9
862.868	110.1
863.246	112.0
863.625	114.2
864.003	112.9
864.382	112.5
864.760	113.7
865.139	111.8
865.517	113.4
865.896	110.9
866.274	111.4
866.653	111.1
867.031	114.4
867.410	118.1
867.788	113.8
868.167	114.1
868.546	111.5
868.924	109.9
869.303	113.6
869.682	110.4
870.061	109.2
870.439	110.2
870.818	112.4
871.197	110.8
871.576	111.5
871.954	110.4
872.333	109.9
872.712	108.7
873.091	109.8
873.470	110.8
873.849	110.3
874.228	109.3
874.606	109.3
874.985	108.2
875.364	107.7
875.743	112.5
876.122	109.6
876.501	109.4
876.880	111.0
877.259	109.7
877.639	110.0
878.018	109.9
878.397	110.0
878.776	109.5
879.155	109.0
879.534	108.6
879.913	110.3
880.293	111.8
880.672	109.2
881.051	108.2
881.430	109.5
881.809	107.5
882.189	108.9
882.568	109.8
882.947	110.5
883.327	109.6
883.706	109.2
884.085	108.8
884.465	108.6
884.844	110.2
885.224	107.0
885.603	110.0
885.982	107.3
886.362	111.0
886.741	109.3
887.121	108.5
887.500	106.7
887.880	107.4
888.259	110.1
888.639	106.5
889.019	109.9
889.398	108.4
889.778	108.7
890.157	108.0
890.537	108.8
890.917	106.3
891.296	110.0
891.676	107.7
892.056	108.4
892.436	110.2
892.815	109.9
893.195	109.4
893.575	107.6
893.955	108.4
894.335	108.4
894.714	109.8
895.094	108.2
895.474	110.2
895.854	108.2
896.234	109.2
896.614	106.6
896.994	108.8
897.374	107.7
897.754	106.6
898.134	109.0
898.514	108.3
898.894	107.0
899.274	107.3
899.654	106.8
900.034	109.2
900.414	107.9
900.794	108.4
901.174	109.7
901.554	108.0
901.935	106.2
902.315	108.2
902.695	108.6
903.075	106.4
903.455	107.6
903.836	109.2
904.216	106.9
904.596	108.9
904.977	109.0
905.357	109.1
905.737	107.2
