175.633	74.5
175.959	73.3
176.286	71.7
176.612	73.3
176.939	72.7
177.265	76.2
177.592	75.1
177.919	73.9
178.245	74.4
178.572	74.8
178.899	69.2
179.226	75.3
179.553	76.7
179.879	75.7
180.206	72.9
180.533	74.0
180.860	75.6
181.187	75.4
181.514	74.6
181.841	75.1
182.168	76.9
182.496	74.6
182.823	79.0
183.150	74.6
183.477	74.3
183.805	77.7
184.132	76.6
184.459	74.8
184.787	75.8
185.114	77.1
185.442	77.7
185.769	77.0
186.097	78.5
186.424	82.2
186.752	80.2
187.079	79.9
187.407	79.4
187.735	80.0
188.063	78.5
188.390	79.0
188.718	76.7
189.046	78.3
189.374	77.7
189.702	78.3
190.030	78.4
190.358	78.5
190.686	76.7
191.014	76.1
191.342	79.7
191.670	76.7
191.999	78.1
192.327	76.1
192.655	78.1
192.983	78.9
193.312	82.1
193.640	80.7
193.968	79.1
194.297	78.0
194.625	79.1
194.954	79.0
195.282	81.7
195.611	82.9
195.940	81.8
196.268	79.0
196.597	79.3
196.926	83.5
197.254	82.2
197.583	82.5
197.912	84.7
198.241	81.4
198.570	78.4
198.899	81.3
199.228	81.1
199.557	77.7
199.886	78.6
200.215	77.6
200.544	80.6
200.873	82.8
201.202	82.1
201.531	78.2
201.861	84.2
202.190	84.1
202.519	81.5
202.849	81.9
203.178	81.1
203.507	85.8
203.837	81.9
204.166	83.8
204.496	83.9
204.826	83.3
205.155	81.9
205.485	84.3
205.814	84.7
206.144	83.5
206.474	84.7
206.804	81.2
207.133	83.6
207.463	84.3
207.793	84.4
208.123	83.5
208.453	87.9
208.783	84.8
209.113	82.0
209.443	86.7
209.773	83.3
210.103	84.8
210.433	84.9
210.764	82.9
211.094	83.8
211.424	85.5
211.754	83.5
212.085	84.6
212.415	88.8
212.746	79.7
213.076	79.7
213.407	79.5
213.737	87.3
214.068	85.4
214.398	85.5
214.729	83.5
215.059	80.6
215.390	85.9
215.721	79.4
216.052	81.1
216.382	82.0
216.713	80.7
217.044	82.7
217.375	83.0
217.706	82.0
218.037	82.6
218.368	80.6
218.699	84.3
219.030	83.3
219.361	81.7
219.692	83.9
220.023	82.4
220.355	82.8
220.686	83.1
221.017	84.1
221.348	82.6
221.680	81.6
222.011	83.8
222.343	82.9
222.674	84.5
223.006	86.3
223.337	89.8
223.669	83.3
224.000	81.3
224.332	83.9
224.663	84.4
224.995	82.8
225.327	85.1
225.659	83.7
225.990	84.3
226.322	84.8
226.654	86.3
226.986	87.1
227.318	87.3
227.650	86.7
227.982	88.0
228.314	83.9
228.646	86.1
228.978	83.7
229.310	87.1
229.642	87.4
229.975	86.1
230.307	82.3
230.639	84.5
230.972	83.7
231.304	85.6
231.636	84.6
231.969	84.0
232.301	84.1
232.634	84.9
232.966	84.2
233.299	84.5
233.631	86.2
233.964	86.0
234.297	85.9
234.629	84.6
234.962	83.9
235.295	87.0
235.628	86.2
235.960	86.5
236.293	87.3
236.626	86.2
236.959	87.1
237.292	88.6
237.625	85.8
237.958	87.7
238.291	87.0
238.624	87.6
238.957	88.4
239.291	87.0
239.624	85.4
239.957	86.3
240.290	85.4
240.624	86.0
240.957	87.4
241.290	85.2
241.624	88.2
241.957	84.1
242.291	87.3
242.624	87.5
242.958	88.0
243.291	88.1
243.625	86.6
243.959	90.4
244.292	91.1
244.626	88.9
244.960	89.2
245.293	87.4
245.627	85.8
245.961	88.3
246.295	86.4
246.629	89.5
246.963	85.8
247.297	87.3
247.631	86.8
247.965	84.6
248.299	87.7
248.633	87.1
248.967	87.7
249.302	86.4
249.636	86.3
249.970	87.0
250.304	85.6
250.639	86.7
250.973	87.8
251.307	87.9
251.642	87.6
251.976	91.4
252.311	87.8
252.645	88.7
252.980	91.0
253.314	88.3
253.649	89.9
253.984	86.3
254.318	87.5
254.653	89.5
254.988	88.0
255.323	87.1
255.658	87.5
255.992	88.2
256.327	88.4
256.662	88.0
256.997	86.2
257.332	88.7
257.667	85.9
258.002	87.9
258.338	86.4
258.673	86.9
259.008	85.9
259.343	89.3
259.678	85.6
260.014	90.1
260.349	86.0
260.684	88.6
261.020	87.1
261.355	88.2
261.690	86.5
262.026	90.5
262.361	86.9
262.697	88.5
263.032	86.9
263.368	88.5
263.704	88.2
264.039	89.5
264.375	86.8
264.711	89.5
265.047	83.4
265.382	88.9
265.718	93.2
266.054	87.5
266.390	91.3
266.726	88.5
267.062	91.2
267.398	88.5
267.734	88.4
268.070	89.0
268.406	89.7
268.742	89.1
269.079	89.2
269.415	91.6
269.751	89.1
270.087	88.8
270.424	88.3
270.760	90.3
271.096	87.5
271.433	86.9
271.769	86.3
272.106	91.3
272.442	88.5
272.779	90.1
273.115	89.4
273.452	87.9
273.789	88.8
274.125	86.2
274.462	88.5
274.799	90.2
275.135	88.6
275.472	89.9
275.809	88.7
276.146	88.2
276.483	91.1
276.820	89.9
277.157	89.6
277.494	88.3
277.831	87.8
278.168	89.8
278.505	87.4
278.842	87.7
279.179	88.2
279.516	91.0
279.854	89.1
280.191	89.6
280.528	86.6
280.866	88.1
281.203	88.6
281.540	89.2
281.878	88.2
282.215	88.1
282.553	89.5
282.890	89.0
283.228	89.7
283.566	90.1
283.903	92.6
284.241	92.0
284.579	90.7
284.916	88.6
285.254	87.9
285.592	87.5
285.930	89.4
286.268	91.4
286.605	88.2
286.943	92.0
287.281	91.4
287.619	89.1
287.957	87.5
288.295	91.2
288.633	89.5
288.972	90.0
289.310	89.0
289.648	92.0
289.986	91.9
290.324	92.6
290.663	91.1
291.001	90.9
291.339	92.7
291.678	90.6
292.016	89.4
292.355	89.0
292.693	87.8
293.032	89.5
293.370	89.3
293.709	89.3
294.047	89.8
294.386	90.5
294.725	87.9
295.063	90.5
295.402	89.9
295.741	88.2
296.080	86.3
296.419	90.2
296.758	90.3
297.096	90.9
297.435	87.1
297.774	90.1
298.113	93.5
298.452	92.1
298.791	91.5
299.131	92.6
299.470	91.2
299.809	94.3
300.148	90.0
300.487	89.5
300.827	90.7
301.166	89.4
301.505	91.5
301.845	92.2
302.184	89.2
302.523	89.1
302.863	89.4
303.202	91.6
303.542	89.5
303.881	89.8
304.221	90.2
304.561	91.1
304.900	88.9
305.240	92.1
305.580	92.4
305.920	92.1
306.259	89.0
306.599	92.7
306.939	92.3
307.279	90.5
307.619	93.6
307.959	90.8
308.299	89.4
308.639	91.0
308.979	93.9
309.319	92.2
309.659	90.7
309.999	90.3
310.339	91.4
310.679	91.7
311.020	92.1
311.360	92.1
311.700	91.0
312.041	89.8
312.381	90.9
312.721	90.6
313.062	91.9
313.402	91.1
313.743	88.5
314.083	93.6
314.424	90.2
314.764	89.7
315.105	90.0
315.446	89.6
315.786	88.2
316.127	89.5
316.468	87.9
316.809	92.0
317.149	89.7
317.490	88.7
317.831	88.6
318.172	90.3
318.513	93.5
318.854	91.7
319.195	88.6
319.536	93.0
319.877	94.6
320.218	93.7
320.559	92.8
320.901	92.0
321.242	88.5
321.583	91.3
321.924	92.5
322.266	91.2
322.607	90.8
322.948	93.1
323.290	92.8
323.631	93.9
323.972	95.9
324.314	92.8
324.655	94.2
324.997	93.1
325.339	94.0
325.680	93.9
326.022	90.4
326.364	90.6
326.705	91.4
327.047	91.5
327.389	88.7
327.731	91.4
328.072	89.5
328.414	90.6
328.756	89.0
329.098	90.3
329.440	91.4
329.782	91.9
330.124	91.0
330.466	92.9
330.808	94.7
331.150	92.1
331.492	87.2
331.835	91.4
332.177	91.5
332.519	89.7
332.861	88.5
333.204	89.6
333.546	86.4
333.888	88.0
334.231	89.1
334.573	88.0
334.916	90.4
335.258	91.0
335.601	91.4
335.943	88.7
336.286	88.0
336.628	89.9
336.971	91.0
337.314	93.0
337.657	91.5
337.999	93.5
338.342	92.7
338.685	92.5
339.028	93.4
339.371	92.8
339.714	90.3
340.056	92.6
340.399	89.8
340.742	90.7
341.085	85.9
341.429	87.2
341.772	92.5
342.115	87.1
342.458	90.8
342.801	89.5
343.144	88.0
343.488	91.3
343.831	89.4
344.174	89.9
344.517	91.0
344.861	91.6
345.204	94.7
345.548	90.2
345.891	91.1
346.235	89.8
346.578	89.7
346.922	89.2
347.265	90.0
347.609	90.7
347.953	89.5
348.296	90.0
348.640	90.3
348.984	91.2
349.328	91.6
349.671	93.5
350.015	90.5
350.359	90.5
350.703	92.4
351.047	93.1
351.391	90.0
351.735	88.8
352.079	88.8
352.423	88.5
352.767	91.7
353.111	90.8
353.455	88.6
353.800	87.9
354.144	89.6
354.488	89.4
354.832	91.1
355.177	88.2
355.521	88.3
355.865	89.8
356.210	90.4
356.554	91.2
356.899	93.8
357.243	94.2
357.588	90.4
357.932	91.3
358.277	89.5
358.621	90.5
358.966	89.8
359.311	93.8
359.655	94.3
360.000	92.8
360.345	91.7
360.690	90.7
361.035	90.5
361.379	89.3
361.724	89.8
362.069	89.0
362.414	86.3
362.759	89.0
363.104	89.3
363.449	90.3
363.794	92.0
364.139	89.3
364.485	88.9
364.830	90.6
365.175	91.8
365.520	95.9
365.865	103.9
366.211	108.1
366.556	103.0
366.901	96.1
367.247	91.2
367.592	90.4
367.938	90.3
368.283	89.2
368.629	88.7
368.974	88.6
369.320	88.4
369.665	85.7
370.011	89.2
370.357	88.1
370.702	85.9
371.048	88.7
371.394	88.6
371.740	88.1
372.085	87.2
372.431	86.5
372.777	89.7
373.123	88.1
373.469	89.5
373.815	89.5
374.161	85.9
374.507	88.8
374.853	92.0
375.199	88.5
375.545	88.1
375.891	89.3
376.238	89.4
376.584	87.6
376.930	90.7
377.276	91.9
377.623	88.1
377.969	90.1
378.315	89.2
378.662	89.0
379.008	90.3
379.355	94.0
379.701	91.8
380.048	94.4
380.394	92.0
380.741	91.4
381.087	90.7
381.434	88.3
381.781	88.9
382.127	90.4
382.474	89.9
382.821	91.4
383.168	91.6
383.514	92.0
383.861	92.9
384.208	93.4
384.555	90.3
384.902	91.5
385.249	90.0
385.596	91.8
385.943	89.4
386.290	90.7
386.637	92.0
386.984	93.3
387.331	89.0
387.679	91.7
388.026	92.7
388.373	92.9
388.720	91.2
389.068	88.3
389.415	89.7
389.762	89.0
390.110	92.1
390.457	93.8
390.804	91.4
391.152	89.9
391.499	88.7
391.847	89.5
392.195	91.2
392.542	89.3
392.890	92.1
393.237	90.2
393.585	90.7
393.933	92.3
394.281	91.7
394.628	92.1
394.976	91.9
395.324	93.7
395.672	91.2
396.020	92.1
396.368	87.4
396.716	89.1
397.064	93.1
397.412	91.5
397.760	88.9
398.108	90.2
398.456	90.5
398.804	89.8
399.152	87.1
399.500	88.9
399.849	92.4
400.197	87.8
400.545	88.7
400.893	92.0
401.242	89.1
401.590	91.2
401.939	90.6
402.287	91.3
402.635	88.9
402.984	92.2
403.332	89.3
403.681	92.2
404.030	92.1
404.378	97.9
404.727	113.1
405.075	139.5
405.424	197.8
405.773	229.9
406.122	190.3
406.470	117.0
406.819	91.9
407.168	93.5
407.517	92.8
407.866	94.7
408.215	100.0
408.564	101.1
408.913	101.6
409.262	102.0
409.611	94.5
409.960	92.2
410.309	92.2
410.658	96.1
411.007	92.9
411.357	92.4
411.706	96.7
412.055	94.4
412.404	95.2
412.754	91.5
413.103	95.7
413.452	95.6
413.802	93.4
414.151	93.9
414.501	94.1
414.850	95.3
415.200	95.8
415.549	96.2
415.899	94.7
416.248	94.3
416.598	93.9
416.948	95.0
417.297	94.8
417.647	92.6
417.997	97.4
418.347	94.4
418.697	95.4
419.046	98.0
419.396	100.0
419.746	98.6
420.096	98.5
420.446	99.6
420.796	97.7
421.146	99.6
421.496	103.5
421.846	99.3
422.196	103.3
422.546	103.7
422.897	102.6
423.247	102.2
423.597	105.2
423.947	104.3
424.298	106.0
424.648	102.6
424.998	103.0
425.349	105.7
425.699	106.3
426.049	107.5
426.400	109.9
426.750	106.6
427.101	108.1
427.451	107.7
427.802	111.4
428.153	108.3
428.503	109.8
428.854	112.0
429.205	110.8
429.555	115.7
429.906	114.0
430.257	113.0
430.608	118.6
430.958	114.9
431.309	115.7
431.660	118.3
432.011	115.8
432.362	118.4
432.713	120.1
433.064	121.0
433.415	122.7
433.766	124.0
434.117	124.0
434.468	124.8
434.819	129.2
435.171	129.3
435.522	141.8
435.873	173.9
436.224	261.2
436.576	464.1
436.927	562.8
437.278	441.7
437.630	204.2
437.981	128.4
438.333	124.6
438.684	124.0
439.035	123.5
439.387	126.1
439.739	126.5
440.090	123.8
440.442	125.5
440.793	125.5
441.145	124.1
441.497	127.8
441.848	128.0
442.200	125.2
442.552	128.6
442.904	128.7
443.256	126.0
443.607	126.5
443.959	126.5
444.311	128.6
444.663	127.7
445.015	127.4
445.367	128.0
445.719	128.3
446.071	127.8
446.423	129.7
446.776	129.0
447.128	132.6
447.480	130.9
447.832	126.6
448.184	130.7
448.537	129.6
448.889	128.1
449.241	129.2
449.594	128.8
449.946	128.7
450.298	129.8
450.651	129.6
451.003	129.1
451.356	129.5
451.708	129.9
452.061	129.4
452.413	128.5
452.766	127.7
453.119	132.0
453.471	128.6
453.824	130.8
454.177	130.8
454.529	128.9
454.882	131.8
455.235	130.8
455.588	131.7
455.941	129.0
456.294	130.4
456.647	126.8
456.999	129.1
457.352	128.1
457.705	129.2
458.058	130.8
458.412	129.8
458.765	130.9
459.118	129.1
459.471	129.3
459.824	128.2
460.177	129.3
460.530	129.6
460.884	129.7
461.237	127.2
461.590	127.7
461.944	128.6
462.297	128.8
462.650	127.8
463.004	129.2
463.357	129.0
463.711	130.0
464.064	127.6
464.418	128.0
464.771	128.0
465.125	127.2
465.479	129.5
465.832	126.4
466.186	127.0
466.540	126.9
466.893	125.7
467.247	125.9
467.601	126.5
467.955	125.1
468.309	126.5
468.662	125.6
469.016	128.2
469.370	125.9
469.724	127.0
470.078	124.3
470.432	126.5
470.786	124.7
471.140	122.7
471.494	126.9
471.849	125.5
472.203	122.9
472.557	125.1
472.911	124.4
473.265	123.6
473.620	123.8
473.974	122.8
474.328	122.7
474.682	122.2
475.037	121.9
475.391	122.0
475.746	124.7
476.100	122.3
476.455	120.9
476.809	121.2
477.164	122.7
477.518	121.8
477.873	122.1
478.227	122.2
478.582	122.2
478.937	122.2
479.291	122.5
479.646	122.6
480.001	121.8
480.356	123.8
480.711	122.6
481.065	121.6
481.420	122.8
481.775	124.8
482.130	127.2
482.485	129.0
482.840	130.1
483.195	132.5
483.550	138.4
483.905	141.4
484.260	147.1
484.615	154.6
484.970	160.6
485.326	169.3
485.681	173.5
486.036	184.4
486.391	192.3
486.747	201.3
487.102	207.3
487.457	211.2
487.813	212.1
488.168	213.2
488.523	213.5
488.879	207.9
489.234	204.2
489.590	203.0
489.945	202.4
490.301	198.5
490.656	197.5
491.012	195.0
491.368	188.7
491.723	185.0
492.079	183.8
492.435	183.7
492.791	182.5
493.146	176.1
493.502	172.5
493.858	170.5
494.214	169.2
494.570	168.4
494.926	165.3
495.281	160.1
495.637	156.9
495.993	154.1
496.349	152.4
496.705	149.6
497.062	148.5
497.418	147.3
497.774	147.0
498.130	146.8
498.486	146.7
498.842	142.5
499.199	138.7
499.555	136.2
499.911	131.3
500.267	128.8
500.624	127.1
500.980	123.0
501.337	120.0
501.693	119.9
502.049	116.9
502.406	115.3
502.762	112.4
503.119	110.9
503.475	112.0
503.832	110.4
504.189	108.7
504.545	107.7
504.902	107.2
505.259	108.1
505.615	105.4
505.972	106.1
506.329	105.6
506.686	106.1
507.043	103.5
507.399	105.8
507.756	104.0
508.113	102.2
508.470	102.6
508.827	102.8
509.184	103.1
509.541	100.3
509.898	107.0
510.255	102.7
510.612	102.1
510.969	100.1
511.327	102.9
511.684	103.0
512.041	101.2
512.398	103.7
512.755	101.2
513.113	103.6
513.470	101.9
513.827	101.2
514.185	101.3
514.542	102.6
514.900	102.0
515.257	102.1
515.614	101.0
515.972	101.3
516.329	101.2
516.687	98.1
517.045	99.4
517.402	102.3
517.760	101.4
518.117	98.3
518.475	98.1
518.833	98.8
519.191	99.6
519.548	99.3
519.906	97.0
520.264	99.0
520.622	98.7
520.980	98.7
521.338	99.1
521.695	100.1
522.053	97.6
522.411	97.6
522.769	96.2
523.127	98.1
523.485	97.8
523.844	100.0
524.202	99.0
524.560	99.2
524.918	96.6
525.276	98.9
525.634	98.7
525.993	98.9
526.351	97.6
526.709	97.1
527.067	94.7
527.426	98.6
527.784	99.1
528.143	100.4
528.501	97.8
528.859	100.7
529.218	98.1
529.576	97.8
529.935	97.3
530.293	97.9
530.652	97.9
531.011	97.5
531.369	98.7
531.728	98.8
532.087	95.6
532.445	98.1
532.804	100.3
533.163	100.2
533.522	104.3
533.880	103.9
534.239	104.9
534.598	105.8
534.957	105.3
535.316	105.3
535.675	105.9
536.034	104.2
536.393	106.0
536.752	106.8
537.111	111.8
537.470	112.3
537.829	115.2
538.188	120.4
538.547	126.6
538.907	134.3
539.266	145.7
539.625	156.4
539.984	160.0
540.344	170.6
540.703	189.9
541.062	210.5
541.422	232.7
541.781	264.3
542.140	316.3
542.500	391.4
542.859	463.2
543.219	508.4
543.578	516.0
543.938	511.7
544.297	512.7
544.657	516.7
545.017	508.2
545.376	488.2
545.736	470.7
546.096	456.3
546.455	496.6
546.815	629.4
547.175	632.5
547.535	484.5
547.895	300.3
548.254	250.6
548.614	237.1
548.974	229.6
549.334	228.2
549.694	234.1
550.054	233.4
550.414	228.6
550.774	219.2
551.134	203.6
551.494	192.7
551.854	187.9
552.215	181.8
552.575	185.5
552.935	180.1
553.295	177.8
553.655	175.4
554.016	162.7
554.376	153.9
554.736	143.3
555.097	133.1
555.457	125.6
555.817	120.5
556.178	115.5
556.538	112.2
556.899	111.7
557.259	108.7
557.620	107.4
557.980	103.0
558.341	104.8
558.701	105.8
559.062	101.3
559.423	101.0
559.783	103.5
560.144	101.1
560.505	101.5
560.866	101.4
561.226	101.7
561.587	101.7
561.948	97.8
562.309	97.8
562.670	100.7
563.031	98.8
563.391	99.6
563.752	99.2
564.113	100.0
564.474	98.1
564.835	96.4
565.197	98.1
565.558	98.2
565.919	96.8
566.280	99.0
566.641	94.3
567.002	95.8
567.363	96.9
567.725	97.3
568.086	96.6
568.447	96.0
568.808	94.5
569.170	97.0
569.531	96.7
569.893	96.2
570.254	96.0
570.615	96.8
570.977	97.3
571.338	95.6
571.700	98.5
572.061	97.3
572.423	98.2
572.785	99.0
573.146	100.5
573.508	99.8
573.869	98.9
574.231	99.5
574.593	101.4
574.955	102.5
575.316	103.8
575.678	103.2
576.040	103.1
576.402	102.3
576.764	106.7
577.126	118.2
577.487	145.3
577.849	169.6
578.211	159.8
578.573	131.6
578.935	115.9
579.297	127.5
579.659	151.4
580.022	177.7
580.384	177.3
580.746	161.9
581.108	169.0
581.470	171.7
581.832	163.3
582.195	152.9
582.557	157.1
582.919	162.7
583.281	172.1
583.644	181.4
584.006	199.6
584.368	212.2
584.731	216.0
585.093	212.5
585.456	199.5
585.818	190.7
586.181	182.2
586.543	178.6
586.906	178.6
587.268	179.8
587.631	199.6
587.994	226.7
588.356	244.7
588.719	235.3
589.082	208.9
589.445	187.8
589.807	172.6
590.170	165.8
590.533	166.3
590.896	163.1
591.259	160.4
591.621	154.2
591.984	152.2
592.347	150.5
592.710	150.6
593.073	155.5
593.436	163.7
593.799	174.5
594.162	176.8
594.525	165.6
594.888	150.4
595.252	132.0
595.615	121.7
595.978	117.1
596.341	115.8
596.704	115.5
597.068	114.4
597.431	115.3
597.794	114.0
598.157	115.8
598.521	114.9
598.884	118.7
599.248	123.0
599.611	131.7
599.974	134.7
600.338	140.3
600.701	141.3
601.065	133.1
601.428	125.7
601.792	117.6
602.156	118.2
602.519	112.0
602.883	109.4
603.247	105.8
603.610	106.6
603.974	106.8
604.338	107.3
604.701	106.7
605.065	107.9
605.429	108.4
605.793	109.8
606.157	109.3
606.521	110.4
606.885	113.1
607.248	114.6
607.612	115.2
607.976	119.2
608.340	122.7
608.704	128.5
609.069	130.6
609.433	138.4
609.797	150.5
610.161	169.1
610.525	197.1
610.889	248.1
611.253	352.9
611.618	537.2
611.982	750.0
612.346	821.2
612.710	684.8
613.075	484.9
613.439	361.4
613.803	315.4
614.168	284.0
614.532	273.4
614.897	265.5
615.261	256.0
615.626	249.0
615.990	232.0
616.355	208.9
616.719	187.4
617.084	172.9
617.448	163.1
617.813	158.0
618.178	157.3
618.542	154.7
618.907	153.1
619.272	150.6
619.637	155.4
620.001	158.4
620.366	163.3
620.731	170.8
621.096	173.9
621.461	176.8
621.826	176.9
622.190	172.7
622.555	166.7
622.920	162.2
623.285	158.0
623.650	155.3
624.015	153.1
624.380	151.1
624.746	148.9
625.111	148.6
625.476	149.6
625.841	148.5
626.206	141.6
626.571	139.2
626.937	135.0
627.302	134.9
627.667	131.3
628.032	132.4
628.398	131.5
628.763	129.2
629.128	128.7
629.494	132.4
629.859	131.4
630.225	132.6
630.590	137.9
630.956	145.3
631.321	157.1
631.687	171.2
632.052	175.8
632.418	160.8
632.783	140.0
633.149	122.3
633.515	112.7
633.880	107.7
634.246	105.4
634.612	102.9
634.978	102.8
635.343	102.4
635.709	101.8
636.075	102.1
636.441	98.3
636.807	102.6
637.173	102.2
637.538	97.8
637.904	98.0
638.270	97.9
638.636	100.2
639.002	98.5
639.368	98.4
639.734	96.9
640.101	97.7
640.467	96.5
640.833	98.0
641.199	98.1
641.565	99.1
641.931	100.3
642.297	98.2
642.664	97.2
643.030	96.1
643.396	98.3
643.763	97.9
644.129	98.4
644.495	97.3
644.862	97.2
645.228	100.1
645.594	99.5
645.961	99.2
646.327	99.1
646.694	97.3
647.060	96.7
647.427	99.4
647.793	98.2
648.160	99.1
648.527	96.9
648.893	99.2
649.260	98.8
649.627	100.9
649.993	100.3
650.360	102.6
650.727	107.6
651.094	112.4
651.460	117.7
651.827	112.0
652.194	108.8
652.561	103.2
652.928	99.2
653.295	102.6
653.662	101.5
654.029	104.6
654.396	101.0
654.763	102.9
655.130	99.5
655.497	98.7
655.864	98.9
656.231	100.2
656.598	97.3
656.965	96.5
657.332	100.1
657.699	96.8
658.067	96.9
658.434	99.1
658.801	99.3
659.168	98.4
659.536	97.6
659.903	97.6
660.270	95.2
660.638	99.5
661.005	94.7
661.373	95.2
661.740	96.4
662.108	99.3
662.475	100.4
662.843	102.9
663.210	107.7
663.578	105.2
663.945	104.8
664.313	100.8
664.680	99.9
665.048	98.7
665.416	99.5
665.783	99.3
666.151	98.5
666.519	98.0
666.887	96.5
667.254	97.6
667.622	98.3
667.990	99.7
668.358	99.9
668.726	99.3
669.094	99.9
669.462	98.8
669.830	97.9
670.197	100.3
670.565	95.3
670.933	97.5
671.302	96.4
671.670	97.4
672.038	99.4
672.406	97.3
672.774	97.4
673.142	96.3
673.510	96.8
673.878	94.5
674.247	98.6
674.615	95.5
674.983	95.0
675.351	95.5
675.720	93.6
676.088	96.8
676.456	94.0
676.825	96.5
677.193	93.9
677.561	97.3
677.930	96.4
678.298	98.2
678.667	97.7
679.035	95.9
679.404	99.8
679.772	98.2
680.141	99.7
680.510	96.0
680.878	96.8
681.247	96.1
681.616	96.8
681.984	95.9
682.353	98.1
682.722	99.8
683.090	96.2
683.459	95.9
683.828	96.3
684.197	98.3
684.566	94.9
684.934	95.6
685.303	96.0
685.672	96.2
686.041	93.9
686.410	96.1
686.779	95.7
687.148	96.9
687.517	98.7
687.886	99.1
688.255	103.9
688.624	103.0
688.993	102.4
689.363	100.1
689.732	97.0
690.101	94.6
690.470	95.1
690.839	94.3
691.208	95.1
691.578	95.3
691.947	94.6
692.316	94.1
692.686	93.5
693.055	95.8
693.424	94.6
693.794	96.5
694.163	100.7
694.533	102.8
694.902	102.1
695.272	96.0
695.641	92.2
696.011	95.5
696.380	94.2
696.750	93.3
697.119	95.4
697.489	95.2
697.859	93.1
698.228	94.2
698.598	91.7
698.968	94.5
699.337	93.6
699.707	94.9
700.077	93.1
700.447	93.7
700.816	95.0
701.186	94.5
701.556	94.0
701.926	92.2
702.296	95.2
702.666	92.7
703.036	96.9
703.406	95.3
703.776	96.6
704.146	94.8
704.516	96.4
704.886	97.1
705.256	98.4
705.626	102.0
705.996	100.5
706.366	104.4
706.736	106.9
707.106	114.1
707.477	120.2
707.847	125.6
708.217	121.5
708.587	115.3
708.958	114.9
709.328	121.1
709.698	131.3
710.069	129.1
710.439	119.4
710.809	107.0
711.180	102.6
711.550	100.5
711.921	102.9
712.291	110.8
712.662	119.5
713.032	124.7
713.403	123.6
713.773	115.1
714.144	104.9
714.515	100.7
714.885	96.1
715.256	98.0
715.627	96.9
715.997	96.4
716.368	97.7
716.739	94.6
717.109	96.3
717.480	93.9
717.851	93.9
718.222	91.9
718.593	94.8
718.964	94.2
719.334	93.4
719.705	95.6
720.076	95.2
720.447	96.6
720.818	94.2
721.189	94.4
721.560	95.2
721.931	94.7
722.302	94.6
722.673	95.8
723.045	95.4
723.416	93.8
723.787	95.3
724.158	94.5
724.529	93.7
724.900	92.6
725.272	94.7
725.643	93.5
726.014	93.3
726.385	94.5
726.757	93.7
727.128	95.3
727.499	94.0
727.871	96.1
728.242	95.4
728.614	95.1
728.985	91.8
729.357	94.3
729.728	96.6
730.100	93.1
730.471	94.6
730.843	93.0
731.214	93.2
731.586	95.1
731.957	96.4
732.329	96.4
732.701	96.4
733.072	92.5
733.444	92.5
733.816	93.9
734.187	94.6
734.559	94.5
734.931	95.0
735.303	95.1
735.675	93.6
736.046	95.3
736.418	93.7
736.790	94.6
737.162	95.6
737.534	94.3
737.906	95.0
738.278	94.0
738.650	95.7
739.022	98.4
739.394	96.7
739.766	95.6
740.138	95.0
740.510	95.4
740.882	93.9
741.254	94.6
741.627	93.7
741.999	95.8
742.371	93.1
742.743	94.8
743.115	94.5
743.488	98.7
743.860	94.9
744.232	95.1
744.605	95.6
744.977	95.3
745.349	93.8
745.722	95.6
746.094	93.0
746.466	95.7
746.839	96.5
747.211	94.7
747.584	94.7
747.956	95.2
748.329	94.2
748.701	96.9
749.074	95.3
749.447	95.4
749.819	93.3
750.192	94.3
750.565	95.2
750.937	99.4
751.310	96.1
751.683	96.3
752.055	96.1
752.428	95.5
752.801	93.1
753.174	94.6
753.546	94.0
753.919	95.0
754.292	94.1
754.665	93.7
755.038	94.6
755.411	98.2
755.784	95.1
756.157	92.6
756.530	94.4
756.903	94.6
757.276	93.4
757.649	95.7
758.022	94.6
758.395	94.3
758.768	93.7
759.141	93.9
759.514	96.1
759.887	94.3
760.261	93.7
760.634	92.4
761.007	92.4
761.380	91.3
761.754	95.1
762.127	92.6
762.500	94.2
762.873	92.0
763.247	94.0
763.620	94.3
763.994	98.9
764.367	97.6
764.740	96.8
765.114	92.8
765.487	93.6
765.861	95.3
766.234	94.5
766.608	92.7
766.981	91.9
767.355	94.1
767.729	95.7
768.102	94.3
768.476	94.0
768.849	95.3
769.223	95.7
769.597	92.6
769.970	95.2
770.344	94.1
770.718	92.1
771.092	92.8
771.466	93.9
771.839	93.4
772.213	94.0
772.587	93.9
772.961	95.5
773.335	95.5
773.709	93.9
774.083	93.5
774.457	92.9
774.831	94.8
775.204	90.8
775.579	95.6
775.953	92.9
776.327	92.7
776.701	93.4
777.075	93.3
777.449	93.2
777.823	93.6
778.197	93.5
778.571	92.4
778.945	92.2
779.320	98.1
779.694	94.3
780.068	94.4
780.442	95.5
780.817	93.9
781.191	93.5
781.565	93.9
781.940	94.1
782.314	95.4
782.688	94.6
783.063	94.8
783.437	94.9
783.812	93.2
784.186	95.1
784.561	94.5
784.935	94.5
785.310	93.3
785.684	95.9
786.059	93.4
786.433	96.9
786.808	94.4
787.183	93.6
787.557	95.4
787.932	93.8
788.307	95.1
788.681	94.4
789.056	94.4
789.431	93.8
789.806	94.1
790.180	93.8
790.555	94.9
790.930	94.8
791.305	97.6
791.680	93.3
792.054	95.2
792.429	94.1
792.804	95.1
793.179	94.1
793.554	94.1
793.929	94.6
794.304	95.7
794.679	93.3
795.054	94.0
795.429	94.9
795.804	95.4
796.179	94.3
796.555	95.6
796.930	94.2
797.305	91.3
797.680	94.1
798.055	96.1
798.430	94.8
798.806	95.4
799.181	94.5
799.556	93.5
799.931	95.3
800.307	96.4
800.682	94.9
801.057	92.9
801.433	94.1
801.808	94.4
802.184	96.5
802.559	95.5
802.934	94.3
803.310	97.4
803.685	93.8
804.061	92.6
804.436	93.7
804.812	95.3
805.187	93.9
805.563	92.0
805.939	93.6
806.314	94.5
806.690	93.8
807.065	94.5
807.441	93.5
807.817	93.7
808.193	94.2
808.568	96.3
808.944	94.4
809.320	94.2
809.696	92.7
810.071	93.6
810.447	96.4
810.823	97.5
811.199	98.0
811.575	98.5
811.951	98.0
812.327	100.1
812.703	97.5
813.079	94.3
813.454	94.7
813.830	98.7
814.206	94.5
814.583	92.3
814.959	92.6
815.335	96.3
815.711	94.4
816.087	95.0
816.463	94.7
816.839	94.1
817.215	92.7
817.591	93.1
817.968	94.2
818.344	96.8
818.720	94.1
819.096	93.5
819.473	92.8
819.849	96.5
820.225	96.2
820.602	94.0
820.978	96.8
821.354	97.4
821.731	94.5
822.107	99.5
822.484	94.2
822.860	94.1
823.236	95.5
823.613	96.1
823.989	95.3
824.366	94.7
824.743	96.4
825.119	95.2
825.496	96.9
825.872	94.7
826.249	96.1
826.626	94.0
827.002	95.6
827.379	96.1
827.756	96.3
828.132	94.7
828.509	98.1
828.886	94.3
829.262	94.4
829.639	96.1
830.016	95.4
830.393	96.2
830.770	97.1
831.147	95.4
831.523	93.5
831.900	95.8
832.277	94.1
832.654	96.6
833.031	94.8
833.408	95.1
833.785	96.7
834.162	96.3
834.539	97.0
834.916	95.3
835.293	95.7
835.670	97.6
836.047	96.0
836.425	95.3
836.802	95.1
837.179	97.4
837.556	94.9
837.933	96.1
838.310	94.6
838.688	96.7
839.065	93.6
839.442	97.3
839.819	94.7
840.197	96.6
840.574	95.9
840.951	97.9
841.329	96.9
841.706	97.6
842.083	95.4
842.461	95.9
842.838	97.9
843.216	97.5
843.593	94.8
843.971	95.5
844.348	97.6
844.726	95.4
845.103	94.8
845.481	95.9
845.858	92.5
846.236	96.6
846.614	96.2
846.991	95.9
847.369	93.2
847.747	95.3
848.124	97.8
848.502	94.8
848.880	95.5
849.257	95.8
849.635	96.7
850.013	95.6
850.391	96.9
850.768	93.7
851.146	93.4
851.524	98.4
851.902	95.8
852.280	96.0
852.658	95.5
853.036	97.3
853.414	96.4
853.792	95.9
854.170	96.2
854.548	95.6
854.926	96.7
855.304	92.9
855.682	94.3
856.060	96.1
856.438	96.3
856.816	96.1
857.194	95.0
857.572	95.8
857.950	96.5
858.328	96.7
858.707	94.5
859.085	96.8
859.463	99.8
859.841	95.7
860.220	97.0
860.598	94.9
860.976	96.7
861.354	95.0
861.733	97.4
862.111	98.4
862.489	96.9
862.868	95.1
863.246	98.7
863.625	98.8
864.003	97.2
864.382	98.5
864.760	98.5
865.139	96.5
865.517	99.0
865.896	97.5
866.274	98.5
866.653	95.8
867.031	95.7
867.410	98.3
867.788	96.6
868.167	98.7
868.546	97.1
868.924	95.5
869.303	99.5
869.682	96.5
870.061	96.5
870.439	97.9
870.818	99.5
871.197	97.1
871.576	97.9
871.954	96.5
872.333	97.5
872.712	95.8
873.091	96.7
873.470	96.5
873.849	97.5
874.228	96.8
874.606	97.6
874.985	94.8
875.364	93.0
875.743	98.4
876.122	97.5
876.501	96.2
876.880	95.7
877.259	98.1
877.639	96.9
878.018	97.1
878.397	96.8
878.776	98.5
879.155	96.4
879.534	95.3
879.913	96.5
880.293	98.8
880.672	96.8
881.051	96.4
881.430	96.6
881.809	94.2
882.189	96.9
882.568	97.4
882.947	96.8
883.327	96.5
883.706	97.4
884.085	97.0
884.465	96.3
884.844	98.1
885.224	95.0
885.603	96.4
885.982	95.6
886.362	98.0
886.741	97.3
887.121	95.5
887.500	96.0
887.880	97.3
888.259	97.7
888.639	95.1
889.019	97.2
889.398	97.2
889.778	98.5
890.157	97.5
890.537	98.9
890.917	94.5
891.296	97.8
891.676	98.4
892.056	96.7
892.436	100.2
892.815	99.6
893.195	97.2
893.575	95.7
893.955	96.8
894.335	96.4
894.714	98.5
895.094	97.8
895.474	98.7
895.854	96.0
896.234	98.5
896.614	97.2
896.994	99.1
897.374	97.0
897.754	96.4
898.134	97.8
898.514	97.6
898.894	96.3
899.274	97.0
899.654	98.6
900.034	97.0
900.414	97.4
900.794	97.8
901.174	98.7
901.554	97.3
901.935	96.9
902.315	97.6
902.695	99.7
903.075	96.9
903.455	97.4
903.836	99.8
904.216	97.6
904.596	99.8
904.977	98.8
905.357	98.0
905.737	96.5
