175.633	74.0
175.959	73.2
176.286	73.1
176.612	74.2
176.939	73.4
177.265	76.7
177.592	73.7
177.919	74.6
178.245	74.4
178.572	75.2
178.899	70.2
179.226	76.9
179.553	77.1
179.879	75.7
180.206	74.2
180.533	73.9
180.860	76.4
181.187	74.9
181.514	75.0
181.841	75.6
182.168	75.2
182.496	75.8
182.823	79.4
183.150	74.7
183.477	76.2
183.805	77.1
184.132	78.1
184.459	76.6
184.787	74.5
185.114	79.1
185.442	79.1
185.769	78.1
186.097	77.7
186.424	81.7
186.752	80.8
187.079	80.8
187.407	78.5
187.735	81.2
188.063	78.3
188.390	79.6
188.718	77.2
189.046	78.4
189.374	78.7
189.702	79.5
190.030	81.4
190.358	77.3
190.686	76.1
191.014	77.5
191.342	78.9
191.670	76.1
191.999	78.7
192.327	78.2
192.655	78.6
192.983	79.4
193.312	81.7
193.640	79.7
193.968	79.6
194.297	79.5
194.625	78.5
194.954	80.0
195.282	83.6
195.611	83.7
195.940	84.0
196.268	81.4
196.597	80.7
196.926	82.3
197.254	82.8
197.583	81.7
197.912	84.5
198.241	81.4
198.570	79.7
198.899	81.8
199.228	83.4
199.557	77.2
199.886	81.3
200.215	77.9
200.544	82.1
200.873	82.6
201.202	82.0
201.531	80.4
201.861	84.8
202.190	84.5
202.519	82.5
202.849	81.0
203.178	80.5
203.507	85.7
203.837	84.3
204.166	83.6
204.496	84.5
204.826	85.8
205.155	82.1
205.485	85.7
205.814	85.4
206.144	85.0
206.474	85.5
206.804	83.4
207.133	82.7
207.463	85.0
207.793	84.5
208.123	83.5
208.453	86.8
208.783	85.8
209.113	82.6
209.443	88.7
209.773	83.9
210.103	86.1
210.433	87.1
210.764	82.7
211.094	85.2
211.424	86.7
211.754	85.4
212.085	84.9
212.415	90.3
212.746	83.8
213.076	79.9
213.407	80.1
213.737	86.2
214.068	84.1
214.398	86.3
214.729	84.8
215.059	81.5
215.390	85.2
215.721	80.5
216.052	82.5
216.382	81.5
216.713	80.0
217.044	84.3
217.375	85.6
217.706	81.0
218.037	85.4
218.368	82.1
218.699	83.8
219.030	84.1
219.361	83.2
219.692	84.1
220.023	84.5
220.355	84.2
220.686	83.2
221.017	82.5
221.348	83.2
221.680	82.1
222.011	84.9
222.343	83.1
222.674	84.5
223.006	87.1
223.337	88.0
223.669	85.6
224.000	83.0
224.332	85.9
224.663	84.9
224.995	84.8
225.327	84.6
225.659	82.2
225.990	85.5
226.322	85.9
226.654	89.2
226.986	88.0
227.318	87.1
227.650	88.1
227.982	87.1
228.314	84.9
228.646	87.2
228.978	84.0
229.310	88.3
229.642	86.3
229.975	86.1
230.307	83.0
230.639	87.2
230.972	84.3
231.304	84.4
231.636	84.3
231.969	83.8
232.301	85.1
232.634	84.2
232.966	87.1
233.299	86.0
233.631	87.4
233.964	88.0
234.297	86.9
234.629	86.0
234.962	86.1
235.295	86.7
235.628	86.5
235.960	87.1
236.293	87.5
236.626	87.7
236.959	86.6
237.292	89.8
237.625	85.8
237.958	88.2
238.291	86.5
238.624	87.7
238.957	88.6
239.291	87.3
239.624	87.6
239.957	85.1
240.290	87.4
240.624	88.2
240.957	87.8
241.290	85.8
241.624	88.6
241.957	85.3
242.291	86.7
242.624	85.8
242.958	88.9
243.291	89.0
243.625	89.9
243.959	89.9
244.292	92.2
244.626	90.5
244.960	88.1
245.293	87.6
245.627	86.4
245.961	89.2
246.295	87.4
246.629	90.9
246.963	85.7
247.297	87.8
247.631	89.0
247.965	86.5
248.299	88.7
248.633	86.4
248.967	88.4
249.302	87.1
249.636	87.7
249.970	87.1
250.304	87.5
250.639	85.6
250.973	87.3
251.307	87.9
251.642	89.2
251.976	91.8
252.311	88.7
252.645	88.9
252.980	90.3
253.314	90.1
253.649	90.4
253.984	87.7
254.318	87.8
254.653	90.7
254.988	89.9
255.323	86.3
255.658	87.8
255.992	88.6
256.327	90.1
256.662	89.2
256.997	87.4
257.332	88.7
257.667	87.1
258.002	88.4
258.338	86.9
258.673	89.9
259.008	87.4
259.343	88.8
259.678	87.3
260.014	90.0
260.349	87.9
260.684	90.6
261.020	88.9
261.355	88.4
261.690	87.5
262.026	91.7
262.361	87.4
262.697	88.4
263.032	88.6
263.368	88.8
263.704	88.6
264.039	90.1
264.375	86.8
264.711	88.8
265.047	85.5
265.382	89.6
265.718	94.8
266.054	89.5
266.390	90.8
266.726	90.1
267.062	91.6
267.398	90.7
267.734	90.2
268.070	90.1
268.406	89.9
268.742	89.2
269.079	90.0
269.415	93.1
269.751	89.1
270.087	89.9
270.424	88.7
270.760	91.6
271.096	88.3
271.433	87.8
271.769	87.8
272.106	90.7
272.442	89.8
272.779	91.2
273.115	89.2
273.452	89.7
273.789	91.3
274.125	87.4
274.462	89.8
274.799	89.5
275.135	91.4
275.472	90.2
275.809	90.7
276.146	87.9
276.483	91.2
276.820	91.5
277.157	90.7
277.494	88.7
277.831	88.7
278.168	88.9
278.505	88.1
278.842	88.5
279.179	88.8
279.516	91.7
279.854	88.8
280.191	90.2
280.528	87.3
280.866	89.4
281.203	89.7
281.540	90.7
281.878	88.9
282.215	90.6
282.553	92.1
282.890	90.7
283.228	90.1
283.566	91.7
283.903	93.4
284.241	92.0
284.579	91.8
284.916	92.7
285.254	90.6
285.592	88.7
285.930	89.9
286.268	92.8
286.605	89.1
286.943	92.2
287.281	94.1
287.619	89.7
287.957	88.4
288.295	92.2
288.633	90.6
288.972	92.1
289.310	91.2
289.648	93.9
289.986	92.7
290.324	93.2
290.663	90.7
291.001	92.7
291.339	93.5
291.678	92.6
292.016	91.3
292.355	89.2
292.693	88.7
293.032	90.8
293.370	91.4
293.709	91.7
294.047	90.7
294.386	90.8
294.725	89.7
295.063	92.1
295.402	92.2
295.741	91.1
296.080	88.8
296.419	92.8
296.758	93.3
297.096	92.6
297.435	90.8
297.774	94.5
298.113	98.2
298.452	96.2
298.791	95.0
299.131	93.5
299.470	91.9
299.809	94.4
300.148	90.8
300.487	89.9
300.827	93.2
301.166	90.6
301.505	91.5
301.845	93.6
302.184	91.6
302.523	94.6
302.863	92.6
303.202	96.5
303.542	93.4
303.881	92.8
304.221	93.0
304.561	93.7
304.900	91.1
305.240	93.3
305.580	94.6
305.920	93.9
306.259	91.2
306.599	93.8
306.939	92.8
307.279	93.6
307.619	94.4
307.959	93.0
308.299	90.6
308.639	90.3
308.979	96.2
309.319	93.7
309.659	92.3
309.999	91.9
310.339	92.8
310.679	94.5
311.020	92.8
311.360	97.6
311.700	99.6
312.041	103.8
312.381	110.1
312.721	118.6
313.062	130.0
313.402	149.4
313.743	170.9
314.083	189.4
314.424	166.0
314.764	138.9
315.105	100.6
315.446	92.9
315.786	90.5
316.127	89.9
316.468	90.3
316.809	94.2
317.149	90.0
317.490	90.6
317.831	90.7
318.172	93.2
318.513	94.2
318.854	93.1
319.195	91.0
319.536	94.8
319.877	95.8
320.218	95.9
320.559	93.0
320.901	93.1
321.242	90.9
321.583	91.9
321.924	94.3
322.266	93.3
322.607	93.2
322.948	93.3
323.290	93.5
323.631	96.4
323.972	96.7
324.314	96.9
324.655	96.4
324.997	96.4
325.339	96.8
325.680	94.8
326.022	90.8
326.364	92.3
326.705	94.2
327.047	92.7
327.389	90.6
327.731	92.6
328.072	91.5
328.414	92.0
328.756	91.9
329.098	91.1
329.440	94.3
329.782	93.6
330.124	92.7
330.466	94.7
330.808	96.6
331.150	95.6
331.492	89.0
331.835	93.6
332.177	93.5
332.519	91.9
332.861	89.8
333.204	92.6
333.546	90.8
333.888	91.7
334.231	93.0
334.573	95.5
334.916	99.4
335.258	105.8
335.601	103.0
335.943	94.8
336.286	90.6
336.628	91.2
336.971	92.8
337.314	93.5
337.657	93.8
337.999	95.3
338.342	94.6
338.685	94.4
339.028	94.1
339.371	95.4
339.714	92.3
340.056	95.4
340.399	92.0
340.742	90.8
341.085	87.9
341.429	88.7
341.772	94.7
342.115	90.0
342.458	92.4
342.801	94.9
343.144	90.2
343.488	92.3
343.831	92.6
344.174	92.8
344.517	94.0
344.861	94.9
345.204	98.0
345.548	92.6
345.891	94.4
346.235	94.3
346.578	92.8
346.922	94.0
347.265	93.2
347.609	93.3
347.953	91.9
348.296	92.5
348.640	94.7
348.984	93.9
349.328	96.4
349.671	97.0
350.015	93.9
350.359	92.9
350.703	94.7
351.047	96.8
351.391	92.8
351.735	93.9
352.079	89.9
352.423	91.0
352.767	95.9
353.111	95.1
353.455	95.3
353.800	92.1
354.144	94.6
354.488	94.6
354.832	94.8
355.177	94.2
355.521	93.5
355.865	94.3
356.210	94.5
356.554	97.4
356.899	97.7
357.243	97.8
357.588	97.4
357.932	97.1
358.277	95.5
358.621	95.3
358.966	94.6
359.311	98.7
359.655	100.2
360.000	99.6
360.345	97.4
360.690	97.8
361.035	95.6
361.379	96.1
361.724	96.6
362.069	97.3
362.414	93.9
362.759	96.8
363.104	99.4
363.449	98.0
363.794	100.4
364.139	102.9
364.485	115.7
364.830	140.2
365.175	172.8
365.520	228.0
365.865	363.8
366.211	428.2
366.556	360.5
366.901	213.3
367.247	160.8
367.592	143.3
367.938	122.1
368.283	103.1
368.629	99.3
368.974	97.0
369.320	99.2
369.665	96.8
370.011	98.7
370.357	97.3
370.702	96.7
371.048	98.4
371.394	97.5
371.740	98.0
372.085	95.5
372.431	95.0
372.777	99.0
373.123	97.9
373.469	98.7
373.815	99.9
374.161	97.3
374.507	100.1
374.853	102.6
375.199	97.8
375.545	98.4
375.891	101.0
376.238	101.7
376.584	98.1
376.930	102.7
377.276	104.6
377.623	102.6
377.969	101.7
378.315	103.4
378.662	100.9
379.008	102.7
379.355	106.2
379.701	106.3
380.048	108.6
380.394	106.9
380.741	105.2
381.087	107.2
381.434	103.2
381.781	105.1
382.127	105.1
382.474	104.6
382.821	108.2
383.168	107.1
383.514	108.0
383.861	109.4
384.208	108.4
384.555	108.0
384.902	109.8
385.249	107.5
385.596	109.6
385.943	108.6
386.290	109.1
386.637	109.9
386.984	112.7
387.331	108.8
387.679	112.9
388.026	112.8
388.373	113.7
388.720	112.8
389.068	111.7
389.415	114.5
389.762	112.7
390.110	115.3
390.457	116.9
390.804	116.4
391.152	118.9
391.499	117.7
391.847	118.5
392.195	119.4
392.542	119.7
392.890	119.1
393.237	120.1
393.585	121.5
393.933	123.8
394.281	124.4
394.628	125.1
394.976	127.6
395.324	128.6
395.672	128.7
396.020	129.0
396.368	125.0
396.716	128.2
397.064	130.3
397.412	131.7
397.760	129.6
398.108	129.5
398.456	131.7
398.804	132.9
399.152	132.1
399.500	133.4
399.849	138.6
400.197	135.6
400.545	135.4
400.893	141.9
401.242	140.8
401.590	143.1
401.939	144.3
402.287	145.2
402.635	147.5
402.984	152.2
403.332	153.3
403.681	156.0
404.030	171.8
404.378	221.5
404.727	331.2
405.075	562.5
405.424	1042.7
405.773	1292.0
406.122	959.4
406.470	366.7
406.819	167.9
407.168	167.2
407.517	168.9
407.866	177.3
408.215	195.4
408.564	228.6
408.913	243.0
409.262	225.2
409.611	183.1
409.960	170.8
410.309	171.8
410.658	173.7
411.007	174.1
411.357	174.9
411.706	180.2
412.055	182.2
412.404	180.6
412.754	179.0
413.103	184.6
413.452	186.4
413.802	184.5
414.151	185.2
414.501	188.6
414.850	190.1
415.200	192.1
415.549	194.1
415.899	193.1
416.248	194.9
416.598	195.2
416.948	197.7
417.297	199.9
417.647	199.3
417.997	202.8
418.347	200.8
418.697	203.5
419.046	208.5
419.396	210.2
419.746	209.7
420.096	214.0
420.446	213.8
420.796	213.1
421.146	215.9
421.496	219.9
421.846	219.8
422.196	223.6
422.546	221.4
422.897	225.5
423.247	225.9
423.597	228.3
423.947	230.8
424.298	232.7
424.648	232.1
424.998	231.5
425.349	235.0
425.699	234.6
426.049	240.8
426.400	243.3
426.750	244.4
427.101	244.0
427.451	247.4
427.802	251.6
428.153	249.0
428.503	251.2
428.854	254.7
429.205	256.2
429.555	260.6
429.906	258.7
430.257	263.0
430.608	269.4
430.958	264.9
431.309	270.3
431.660	273.5
432.011	271.5
432.362	273.0
432.713	280.7
433.064	279.6
433.415	286.4
433.766	290.1
434.117	291.4
434.468	304.4
434.819	319.4
435.171	343.2
435.522	429.5
435.873	718.4
436.224	1493.4
436.576	3181.1
436.927	3939.1
437.278	2925.3
437.630	937.5
437.981	316.6
438.333	294.5
438.684	289.0
439.035	289.6
439.387	284.3
439.739	288.6
440.090	286.3
440.442	286.6
440.793	286.6
441.145	289.8
441.497	293.5
441.848	292.5
442.200	295.0
442.552	300.8
442.904	302.0
443.256	301.0
443.607	300.0
443.959	301.5
444.311	303.0
444.663	303.9
445.015	305.6
445.367	306.2
445.719	306.4
446.071	306.7
446.423	307.7
446.776	308.3
447.128	312.9
447.480	311.2
447.832	308.5
448.184	315.0
448.537	313.9
448.889	315.3
449.241	321.1
449.594	320.0
449.946	322.7
450.298	321.4
450.651	321.1
451.003	321.7
451.356	326.2
451.708	327.2
452.061	328.1
452.413	325.6
452.766	329.0
453.119	332.3
453.471	333.9
453.824	335.9
454.177	334.3
454.529	337.9
454.882	341.0
455.235	340.6
455.588	341.7
455.941	340.8
456.294	343.2
456.647	342.6
456.999	343.5
457.352	347.4
457.705	350.9
458.058	350.2
458.412	349.7
458.765	352.1
459.118	355.4
459.471	352.3
459.824	353.4
460.177	354.7
460.530	360.8
460.884	361.3
461.237	360.6
461.590	361.3
461.944	363.1
462.297	366.7
462.650	363.2
463.004	366.8
463.357	371.2
463.711	370.9
464.064	371.1
464.418	372.7
464.771	375.1
465.125	374.0
465.479	376.5
465.832	377.8
466.186	376.8
466.540	379.1
466.893	379.6
467.247	381.9
467.601	384.5
467.955	384.2
468.309	386.0
468.662	384.9
469.016	388.9
469.370	387.3
469.724	390.5
470.078	389.1
470.432	393.9
470.786	390.1
471.140	394.6
471.494	396.8
471.849	394.3
472.203	395.2
472.557	400.7
472.911	397.6
473.265	400.2
473.620	399.7
473.974	399.7
474.328	401.3
474.682	399.6
475.037	401.6
475.391	402.2
475.746	407.8
476.100	407.7
476.455	400.9
476.809	406.0
477.164	404.8
477.518	406.1
477.873	407.6
478.227	410.0
478.582	409.4
478.937	409.5
479.291	411.7
479.646	410.3
480.001	409.3
480.356	415.0
480.711	415.0
481.065	414.4
481.420	416.4
481.775	420.0
482.130	425.0
482.485	426.4
482.840	429.8
483.195	436.1
483.550	446.0
483.905	450.9
484.260	466.0
484.615	476.3
484.970	491.7
485.326	501.9
485.681	514.8
486.036	530.1
486.391	547.4
486.747	561.1
487.102	570.5
487.457	576.2
487.813	581.8
488.168	580.4
488.523	580.0
488.879	572.9
489.234	567.6
489.590	559.8
489.945	561.7
490.301	552.2
490.656	554.4
491.012	544.5
491.368	534.4
491.723	527.9
492.079	531.0
492.435	534.3
492.791	532.1
493.146	516.0
493.502	505.2
493.858	495.9
494.214	492.4
494.570	488.4
494.926	482.6
495.281	472.7
495.637	467.4
495.993	462.9
496.349	457.3
496.705	452.7
497.062	450.1
497.418	448.0
497.774	447.0
498.130	444.6
498.486	441.0
498.842	437.2
499.199	424.7
499.555	421.1
499.911	412.4
500.267	405.0
500.624	398.2
500.980	392.4
501.337	386.9
501.693	381.4
502.049	379.9
502.406	373.3
502.762	369.0
503.119	367.8
503.475	363.2
503.832	362.0
504.189	360.7
504.545	357.5
504.902	356.9
505.259	354.5
505.615	349.2
505.972	348.0
506.329	344.6
506.686	345.8
507.043	341.9
507.399	341.7
507.756	338.2
508.113	337.8
508.470	336.5
508.827	334.1
509.184	332.2
509.541	328.1
509.898	332.9
510.255	327.0
510.612	332.3
510.969	324.7
511.327	326.5
511.684	327.0
512.041	323.9
512.398	324.0
512.755	320.6
513.113	321.8
513.470	321.5
513.827	317.3
514.185	316.3
514.542	316.7
514.900	316.7
515.257	315.9
515.614	314.2
515.972	313.4
516.329	312.6
516.687	310.7
517.045	310.0
517.402	308.6
517.760	309.6
518.117	309.1
518.475	305.6
518.833	304.3
519.191	306.5
519.548	303.6
519.906	302.7
520.264	303.7
520.622	303.4
520.980	302.0
521.338	304.3
521.695	302.9
522.053	300.8
522.411	301.2
522.769	300.5
523.127	297.2
523.485	297.1
523.844	299.9
524.202	301.1
524.560	301.1
524.918	298.5
525.276	301.0
525.634	299.2
525.993	302.3
526.351	299.9
526.709	301.8
527.067	299.7
527.426	302.3
527.784	304.9
528.143	308.6
528.501	301.1
528.859	304.4
529.218	304.4
529.576	303.1
529.935	303.5
530.293	304.7
530.652	306.9
531.011	306.0
531.369	308.2
531.728	311.2
532.087	309.2
532.445	309.2
532.804	317.3
533.163	319.7
533.522	319.8
533.880	322.7
534.239	329.5
534.598	335.5
534.957	331.4
535.316	332.3
535.675	334.3
536.034	335.3
536.393	340.5
536.752	341.7
537.111	350.5
537.470	352.5
537.829	362.9
538.188	372.3
538.547	387.5
538.907	403.2
539.266	424.0
539.625	442.8
539.984	454.3
540.344	479.2
540.703	510.4
541.062	552.5
541.422	595.2
541.781	655.7
542.140	749.1
542.500	883.9
542.859	1024.1
543.219	1114.3
543.578	1124.1
543.938	1117.4
544.297	1124.0
544.657	1143.5
545.017	1127.4
545.376	1095.4
545.736	1079.9
546.096	1169.1
546.455	1700.8
546.815	2825.2
547.175	2990.7
547.535	2119.6
547.895	919.6
548.254	680.9
548.614	647.8
548.974	637.4
549.334	639.1
549.694	646.7
550.054	649.6
550.414	647.8
550.774	635.1
551.134	607.8
551.494	592.1
551.854	584.3
552.215	577.7
552.575	586.8
552.935	580.8
553.295	575.8
553.655	574.3
554.016	555.6
554.376	543.5
554.736	530.0
555.097	511.1
555.457	503.9
555.817	495.3
556.178	487.0
556.538	487.4
556.899	485.8
557.259	482.5
557.620	487.6
557.980	485.7
558.341	488.4
558.701	496.9
559.062	494.7
559.423	494.7
559.783	499.6
560.144	502.4
560.505	504.0
560.866	505.7
561.226	508.6
561.587	511.7
561.948	515.4
562.309	514.4
562.670	517.2
563.031	518.5
563.391	523.3
563.752	526.1
564.113	535.9
564.474	532.6
564.835	532.1
565.197	537.0
565.558	541.8
565.919	542.0
566.280	545.5
566.641	547.2
567.002	550.0
567.363	554.1
567.725	557.0
568.086	558.3
568.447	556.8
568.808	562.8
569.170	564.8
569.531	566.7
569.893	575.0
570.254	571.7
570.615	575.3
570.977	578.7
571.338	578.5
571.700	580.3
572.061	578.5
572.423	587.4
572.785	590.2
573.146	593.3
573.508	598.7
573.869	592.5
574.231	601.7
574.593	604.8
574.955	607.2
575.316	609.6
575.678	611.5
576.040	617.9
576.402	617.1
576.764	636.6
577.126	702.5
577.487	881.9
577.849	1071.5
578.211	990.8
578.573	785.5
578.935	660.4
579.297	737.5
579.659	916.4
580.022	1053.8
580.384	970.7
580.746	799.4
581.108	749.5
581.470	745.6
581.832	723.1
582.195	713.2
582.557	721.5
582.919	732.3
583.281	748.1
583.644	765.9
584.006	792.4
584.368	815.7
584.731	816.5
585.093	809.8
585.456	791.3
585.818	778.7
586.181	760.8
586.543	753.1
586.906	746.5
587.268	751.3
587.631	784.5
587.994	834.6
588.356	864.1
588.719	846.8
589.082	790.7
589.445	755.2
589.807	721.6
590.170	713.6
590.533	707.8
590.896	701.9
591.259	693.7
591.621	685.7
591.984	682.6
592.347	674.4
592.710	671.7
593.073	676.8
593.436	689.4
593.799	705.4
594.162	710.5
594.525	688.6
594.888	652.0
595.252	616.1
595.615	602.3
595.978	587.4
596.341	583.6
596.704	577.1
597.068	576.8
597.431	578.9
597.794	565.6
598.157	564.2
598.521	566.2
598.884	566.6
599.248	572.0
599.611	583.6
599.974	590.0
600.338	593.8
600.701	593.4
601.065	577.4
601.428	561.1
601.792	547.4
602.156	537.2
602.519	525.0
602.883	516.3
603.247	510.3
603.610	505.2
603.974	502.7
604.338	502.7
604.701	494.6
605.065	493.8
605.429	493.3
605.793	491.8
606.157	488.7
606.521	484.0
606.885	488.4
607.248	484.2
607.612	488.3
607.976	486.8
608.340	489.0
608.704	497.1
609.069	500.9
609.433	511.7
609.797	530.5
610.161	561.7
610.525	609.3
610.889	698.0
611.253	894.8
611.618	1230.7
611.982	1605.1
612.346	1716.5
612.710	1471.3
613.075	1111.7
613.439	886.1
613.803	793.9
614.168	743.9
614.532	717.3
614.897	693.6
615.261	680.3
615.626	661.9
615.990	628.9
616.355	584.4
616.719	540.4
617.084	512.7
617.448	490.4
617.813	481.3
618.178	477.7
618.542	470.3
618.907	463.7
619.272	460.1
619.637	462.9
620.001	465.5
620.366	472.7
620.731	484.7
621.096	484.6
621.461	483.9
621.826	481.8
622.190	477.6
622.555	459.5
622.920	448.4
623.285	443.2
623.650	433.4
624.015	425.4
624.380	419.9
624.746	414.9
625.111	411.3
625.476	408.1
625.841	401.7
626.206	392.6
626.571	382.3
626.937	378.3
627.302	370.1
627.667	365.7
628.032	361.7
628.398	359.9
628.763	351.3
629.128	348.6
629.494	346.7
629.859	348.6
630.225	346.6
630.590	355.0
630.956	369.4
631.321	386.8
631.687	409.7
632.052	414.1
632.418	386.3
632.783	344.5
633.149	309.6
633.515	290.8
633.880	278.9
634.246	274.8
634.612	270.6
634.978	268.6
635.343	262.0
635.709	259.0
636.075	255.4
636.441	251.3
636.807	249.6
637.173	251.6
637.538	246.0
637.904	240.9
638.270	239.6
638.636	239.0
639.002	236.3
639.368	234.3
639.734	232.0
640.101	230.9
640.467	227.9
640.833	230.5
641.199	227.1
641.565	224.4
641.931	223.9
642.297	221.7
642.664	219.3
643.030	216.7
643.396	216.8
643.763	214.9
644.129	216.1
644.495	214.5
644.862	210.3
645.228	213.5
645.594	212.3
645.961	209.6
646.327	208.6
646.694	205.5
647.060	205.5
647.427	207.3
647.793	201.9
648.160	202.1
648.527	199.0
648.893	200.3
649.260	199.2
649.627	200.2
649.993	200.0
650.360	202.6
650.727	211.7
651.094	220.1
651.460	223.2
651.827	216.5
652.194	206.1
652.561	196.6
652.928	189.3
653.295	191.9
653.662	191.3
654.029	193.7
654.396	188.5
654.763	186.5
655.130	183.4
655.497	178.7
655.864	177.9
656.231	179.3
656.598	178.4
656.965	173.4
657.332	172.5
657.699	172.1
658.067	172.0
658.434	174.3
658.801	174.5
659.168	170.0
659.536	169.9
659.903	167.4
660.270	165.0
660.638	164.9
661.005	161.2
661.373	161.4
661.740	163.5
662.108	165.5
662.475	168.4
662.843	173.9
663.210	179.0
663.578	176.7
663.945	172.1
664.313	165.7
664.680	161.9
665.048	159.6
665.416	158.8
665.783	158.7
666.151	155.6
666.519	156.3
666.887	153.6
667.254	154.6
667.622	156.8
667.990	157.9
668.358	157.6
668.726	155.1
669.094	157.5
669.462	152.7
669.830	153.5
670.197	152.9
670.565	149.6
670.933	149.1
671.302	149.7
671.670	148.1
672.038	148.0
672.406	147.8
672.774	145.9
673.142	143.7
673.510	144.5
673.878	142.0
674.247	143.5
674.615	141.6
674.983	140.5
675.351	141.4
675.720	138.5
676.088	141.2
676.456	138.4
676.825	137.7
677.193	138.4
677.561	140.3
677.930	140.2
678.298	138.7
678.667	139.0
679.035	139.0
679.404	139.6
679.772	137.2
680.141	140.9
680.510	136.8
680.878	135.0
681.247	135.2
681.616	137.1
681.984	135.4
682.353	136.6
682.722	135.7
683.090	134.4
683.459	134.5
683.828	131.6
684.197	132.5
684.566	130.6
684.934	129.2
685.303	129.9
685.672	129.3
686.041	126.9
686.410	129.4
686.779	129.1
687.148	131.0
687.517	132.7
687.886	137.8
688.255	142.4
688.624	144.2
688.993	139.2
689.363	134.9
689.732	130.3
690.101	125.5
690.470	125.2
690.839	128.3
691.208	130.4
691.578	132.7
691.947	129.6
692.316	124.9
692.686	121.8
693.055	124.0
693.424	124.3
693.794	127.0
694.163	131.5
694.533	137.6
694.902	133.5
695.272	124.3
695.641	117.8
696.011	121.1
696.380	119.4
696.750	123.9
697.119	129.0
697.489	130.9
697.859	124.1
698.228	119.5
698.598	116.1
698.968	116.3
699.337	116.5
699.707	116.4
700.077	114.8
700.447	115.5
700.816	119.4
701.186	117.5
701.556	117.8
701.926	116.4
702.296	115.9
702.666	115.8
703.036	117.1
703.406	118.4
703.776	119.5
704.146	119.8
704.516	121.6
704.886	123.0
705.256	121.6
705.626	124.8
705.996	126.3
706.366	133.7
706.736	142.4
707.106	158.7
707.477	173.5
707.847	177.6
708.217	167.8
708.587	150.6
708.958	150.8
709.328	161.3
709.698	177.3
710.069	175.5
710.439	155.8
710.809	135.2
711.180	126.4
711.550	123.3
711.921	129.8
712.291	141.5
712.662	156.5
713.032	168.4
713.403	162.3
713.773	147.2
714.144	130.1
714.515	120.5
714.885	115.1
715.256	116.3
715.627	115.9
715.997	112.9
716.368	112.5
716.739	110.4
717.109	111.5
717.480	110.2
717.851	110.6
718.222	108.6
718.593	109.2
718.964	109.8
719.334	108.1
719.705	110.6
720.076	109.0
720.447	109.7
720.818	107.2
721.189	109.5
721.560	109.7
721.931	108.3
722.302	108.3
722.673	109.0
723.045	109.2
723.416	105.5
723.787	108.2
724.158	108.8
724.529	108.2
724.900	106.6
725.272	107.5
725.643	106.4
726.014	107.6
726.385	108.9
726.757	107.3
727.128	109.0
727.499	109.5
727.871	109.9
728.242	110.1
728.614	109.4
728.985	105.2
729.357	106.7
729.728	108.0
730.100	104.3
730.471	107.6
730.843	104.3
731.214	106.4
731.586	106.6
731.957	105.8
732.329	109.7
732.701	108.3
733.072	104.8
733.444	104.5
733.816	103.8
734.187	106.6
734.559	105.2
734.931	106.2
735.303	105.9
735.675	103.4
736.046	106.4
736.418	104.5
736.790	104.7
737.162	105.9
737.534	105.7
737.906	105.9
738.278	105.9
738.650	119.1
739.022	129.1
739.394	124.2
739.766	114.2
740.138	107.4
740.510	106.9
740.882	105.2
741.254	103.5
741.627	103.4
741.999	104.4
742.371	102.7
742.743	105.9
743.115	105.9
743.488	108.6
743.860	106.6
744.232	104.7
744.605	104.9
744.977	104.8
745.349	104.3
745.722	103.8
746.094	104.1
746.466	104.1
746.839	105.5
747.211	102.6
747.584	104.4
747.956	105.9
748.329	104.6
748.701	103.0
749.074	105.8
749.447	102.8
749.819	101.6
750.192	104.2
750.565	114.2
750.937	127.3
751.310	124.5
751.683	123.9
752.055	125.7
752.428	121.8
752.801	110.7
753.174	105.6
753.546	103.5
753.919	102.9
754.292	103.2
754.665	102.8
755.038	104.0
755.411	107.7
755.784	102.5
756.157	102.5
756.530	101.3
756.903	104.1
757.276	101.0
757.649	101.8
758.022	101.3
758.395	102.2
758.768	102.2
759.141	100.9
759.514	103.0
759.887	101.8
760.261	100.6
760.634	99.7
761.007	100.7
761.380	98.7
761.754	101.8
762.127	98.8
762.500	101.9
762.873	98.2
763.247	103.4
763.620	126.1
763.994	169.3
764.367	173.3
764.740	138.4
765.114	108.9
765.487	102.2
765.861	103.5
766.234	100.1
766.608	98.9
766.981	100.3
767.355	101.5
767.729	101.3
768.102	100.0
768.476	100.6
768.849	101.4
769.223	101.0
769.597	99.2
769.970	100.0
770.344	97.9
770.718	98.8
771.092	98.0
771.466	99.8
771.839	100.0
772.213	101.7
772.587	111.2
772.961	123.9
773.335	123.7
773.709	108.6
774.083	102.1
774.457	99.4
774.831	99.5
775.204	98.3
775.579	101.2
775.953	98.8
776.327	98.6
776.701	98.4
777.075	98.5
777.449	98.9
777.823	98.2
778.197	99.3
778.571	97.6
778.945	97.3
779.320	104.1
779.694	98.1
780.068	100.7
780.442	98.8
780.817	97.6
781.191	99.0
781.565	98.0
781.940	98.6
782.314	99.7
782.688	100.1
783.063	99.0
783.437	99.1
783.812	98.9
784.186	97.8
784.561	99.3
784.935	99.3
785.310	98.6
785.684	99.2
786.059	98.1
786.433	100.4
786.808	98.1
787.183	99.2
787.557	99.0
787.932	97.5
788.307	99.0
788.681	97.7
789.056	97.7
789.431	97.7
789.806	98.2
790.180	97.8
790.555	97.4
790.930	96.6
791.305	100.5
791.680	97.7
792.054	97.6
792.429	97.1
792.804	98.1
793.179	96.7
793.554	97.3
793.929	97.9
794.304	99.6
794.679	98.9
795.054	108.6
795.429	115.5
795.804	115.0
796.179	102.7
796.555	100.2
796.930	98.2
797.305	96.6
797.680	97.4
798.055	99.1
798.430	97.7
798.806	96.8
799.181	98.0
799.556	97.7
799.931	99.4
800.307	98.5
800.682	100.5
801.057	105.0
801.433	107.8
801.808	117.7
802.184	121.6
802.559	109.4
802.934	99.8
803.310	100.6
803.685	98.0
804.061	99.0
804.436	96.5
804.812	97.0
805.187	98.4
805.563	94.9
805.939	97.5
806.314	97.0
806.690	98.1
807.065	97.1
807.441	98.1
807.817	97.0
808.193	98.1
808.568	99.4
808.944	97.9
809.320	96.7
809.696	96.3
810.071	99.5
810.447	104.1
810.823	120.3
811.199	123.0
811.575	128.9
811.951	166.6
812.327	174.4
812.703	130.4
813.079	104.1
813.454	98.6
813.830	102.0
814.206	97.5
814.583	96.0
814.959	95.6
815.335	99.8
815.711	97.1
816.087	97.2
816.463	97.0
816.839	97.6
817.215	95.8
817.591	96.4
817.968	95.2
818.344	98.3
818.720	95.0
819.096	98.0
819.473	96.2
819.849	97.9
820.225	98.9
820.602	97.4
820.978	98.3
821.354	98.2
821.731	97.5
822.107	100.9
822.484	95.8
822.860	97.4
823.236	96.3
823.613	97.8
823.989	97.5
824.366	98.0
824.743	98.1
825.119	97.4
825.496	97.3
825.872	96.7
826.249	97.8
826.626	100.0
827.002	105.1
827.379	105.4
827.756	100.2
828.132	98.2
828.509	100.2
828.886	97.4
829.262	96.9
829.639	96.8
830.016	96.0
830.393	96.7
830.770	97.7
831.147	98.2
831.523	95.5
831.900	97.8
832.277	95.8
832.654	96.8
833.031	97.0
833.408	97.4
833.785	98.3
834.162	97.6
834.539	98.3
834.916	98.4
835.293	97.2
835.670	98.3
836.047	97.7
836.425	96.5
836.802	96.0
837.179	99.7
837.556	96.1
837.933	97.3
838.310	96.5
838.688	97.1
839.065	95.5
839.442	99.2
839.819	96.0
840.197	98.6
840.574	97.6
840.951	106.9
841.329	112.3
841.706	111.9
842.083	100.0
842.461	102.0
842.838	118.9
843.216	121.7
843.593	108.3
843.971	99.6
844.348	101.2
844.726	97.1
845.103	97.1
845.481	97.5
845.858	95.1
846.236	98.2
846.614	97.2
846.991	97.5
847.369	96.0
847.747	98.8
848.124	98.6
848.502	96.0
848.880	96.9
849.257	96.6
849.635	98.4
850.013	96.9
850.391	98.4
850.768	98.3
851.146	94.7
851.524	100.5
851.902	98.8
852.280	98.4
852.658	103.6
853.036	103.7
853.414	98.7
853.792	98.3
854.170	96.7
854.548	98.0
854.926	97.2
855.304	95.7
855.682	98.1
856.060	99.4
856.438	96.6
856.816	96.9
857.194	96.7
857.572	95.9
857.950	97.9
858.328	98.3
858.707	97.3
859.085	96.4
859.463	100.0
859.841	97.5
860.220	97.8
860.598	96.2
860.976	97.2
861.354	96.3
861.733	97.7
862.111	97.5
862.489	99.1
862.868	96.8
863.246	99.6
863.625	99.9
864.003	99.0
864.382	98.8
864.760	99.7
865.139	98.0
865.517	99.3
865.896	99.0
866.274	99.5
866.653	98.2
867.031	97.8
867.410	100.6
867.788	97.1
868.167	100.4
868.546	98.4
868.924	98.2
869.303	99.5
869.682	98.9
870.061	97.2
870.439	99.1
870.818	100.3
871.197	98.5
871.576	97.7
871.954	96.8
872.333	98.4
872.712	95.5
873.091	96.8
873.470	98.7
873.849	96.6
874.228	97.5
874.606	97.7
874.985	96.5
875.364	96.0
875.743	101.4
876.122	98.7
876.501	97.4
876.880	97.6
877.259	98.2
877.639	98.8
878.018	97.9
878.397	98.5
878.776	99.8
879.155	98.0
879.534	97.4
879.913	97.0
880.293	99.7
880.672	99.0
881.051	97.7
881.430	97.7
881.809	96.9
882.189	98.9
882.568	98.1
882.947	99.0
883.327	98.4
883.706	98.9
884.085	97.8
884.465	96.7
884.844	97.3
885.224	96.4
885.603	98.6
885.982	95.6
886.362	99.3
886.741	96.0
887.121	96.6
887.500	96.6
887.880	98.2
888.259	98.4
888.639	96.1
889.019	99.7
889.398	98.4
889.778	97.8
890.157	99.0
890.537	99.3
890.917	96.2
891.296	97.4
891.676	97.7
892.056	97.8
892.436	99.9
892.815	99.9
893.195	100.4
893.575	96.6
893.955	97.8
894.335	99.8
894.714	99.5
895.094	98.6
895.474	101.1
895.854	98.0
896.234	100.0
896.614	97.7
896.994	98.4
897.374	97.7
897.754	96.5
898.134	99.2
898.514	97.5
898.894	98.5
899.274	97.1
899.654	98.4
900.034	97.8
900.414	98.7
900.794	99.9
901.174	98.9
901.554	98.0
901.935	96.6
902.315	98.0
902.695	99.8
903.075	99.0
903.455	98.9
903.836	98.4
904.216	98.2
904.596	100.6
904.977	99.4
905.357	99.4
905.737	98.9
