175.633	75.5
175.959	73.0
176.286	73.1
176.612	73.4
176.939	73.1
177.265	74.8
177.592	74.5
177.919	73.4
178.245	73.6
178.572	76.6
178.899	70.7
179.226	75.8
179.553	76.6
179.879	77.2
180.206	73.8
180.533	74.4
180.860	75.1
181.187	76.3
181.514	75.5
181.841	75.0
182.168	76.3
182.496	74.7
182.823	80.1
183.150	73.5
183.477	75.2
183.805	77.4
184.132	77.4
184.459	74.2
184.787	74.6
185.114	77.7
185.442	77.2
185.769	77.5
186.097	78.3
186.424	80.3
186.752	81.6
187.079	79.8
187.407	79.9
187.735	79.8
188.063	76.9
188.390	79.1
188.718	77.3
189.046	78.8
189.374	78.7
189.702	79.0
190.030	80.1
190.358	78.4
190.686	76.1
191.014	77.5
191.342	78.4
191.670	76.3
191.999	79.1
192.327	77.7
192.655	78.9
192.983	79.2
193.312	83.2
193.640	79.8
193.968	80.0
194.297	78.7
194.625	78.9
194.954	80.5
195.282	82.3
195.611	83.1
195.940	82.3
196.268	79.6
196.597	80.3
196.926	82.2
197.254	82.8
197.583	82.0
197.912	85.1
198.241	81.0
198.570	79.5
198.899	82.5
199.228	83.0
199.557	79.0
199.886	80.8
200.215	78.5
200.544	82.6
200.873	82.6
201.202	82.7
201.531	78.4
201.861	84.3
202.190	85.1
202.519	80.9
202.849	83.0
203.178	81.9
203.507	85.9
203.837	83.5
204.166	83.9
204.496	84.2
204.826	84.0
205.155	83.9
205.485	86.2
205.814	84.3
206.144	84.2
206.474	85.5
206.804	81.5
207.133	83.5
207.463	83.8
207.793	83.5
208.123	85.4
208.453	87.2
208.783	85.2
209.113	82.5
209.443	87.7
209.773	84.1
210.103	85.9
210.433	85.8
210.764	84.5
211.094	84.4
211.424	87.0
211.754	83.6
212.085	84.9
212.415	87.6
212.746	81.3
213.076	80.1
213.407	79.1
213.737	86.3
214.068	84.8
214.398	85.8
214.729	84.7
215.059	81.2
215.390	84.1
215.721	80.1
216.052	82.3
216.382	82.5
216.713	81.8
217.044	83.8
217.375	83.9
217.706	82.4
218.037	83.6
218.368	81.5
218.699	83.5
219.030	82.3
219.361	82.7
219.692	84.1
220.023	84.1
220.355	83.0
220.686	84.4
221.017	84.8
221.348	81.6
221.680	83.7
222.011	84.2
222.343	83.2
222.674	83.4
223.006	86.7
223.337	89.4
223.669	84.2
224.000	84.3
224.332	85.0
224.663	85.0
224.995	83.9
225.327	84.1
225.659	81.4
225.990	85.5
226.322	84.5
226.654	89.0
226.986	85.8
227.318	87.6
227.650	87.4
227.982	87.8
228.314	85.4
228.646	86.6
228.978	85.9
229.310	85.5
229.642	88.2
229.975	86.1
230.307	82.7
230.639	84.8
230.972	83.9
231.304	84.7
231.636	85.4
231.969	84.4
232.301	85.6
232.634	83.9
232.966	85.6
233.299	85.1
233.631	86.0
233.964	88.0
234.297	86.5
234.629	85.2
234.962	84.7
235.295	87.0
235.628	86.5
235.960	86.1
236.293	87.7
236.626	85.8
236.959	86.5
237.292	89.0
237.625	85.2
237.958	88.7
238.291	87.7
238.624	88.7
238.957	87.1
239.291	87.1
239.624	87.6
239.957	87.8
240.290	86.0
240.624	88.7
240.957	86.1
241.290	86.4
241.624	89.1
241.957	85.7
242.291	87.2
242.624	84.7
242.958	87.2
243.291	88.1
243.625	88.1
243.959	90.3
244.292	92.2
244.626	90.5
244.960	90.4
245.293	86.7
245.627	87.4
245.961	89.8
246.295	87.7
246.629	91.7
246.963	86.4
247.297	87.1
247.631	87.6
247.965	85.8
248.299	87.3
248.633	87.7
248.967	88.5
249.302	86.2
249.636	88.0
249.970	87.4
250.304	86.8
250.639	85.0
250.973	88.4
251.307	88.9
251.642	88.6
251.976	90.8
252.311	87.1
252.645	90.1
252.980	91.7
253.314	90.6
253.649	91.3
253.984	85.4
254.318	88.3
254.653	89.9
254.988	87.9
255.323	87.3
255.658	87.0
255.992	88.6
256.327	88.8
256.662	89.0
256.997	86.1
257.332	88.5
257.667	87.6
258.002	88.1
258.338	87.7
258.673	89.1
259.008	87.3
259.343	89.3
259.678	85.3
260.014	89.4
260.349	86.9
260.684	89.4
261.020	87.4
261.355	89.3
261.690	88.1
262.026	90.6
262.361	86.3
262.697	86.7
263.032	86.8
263.368	88.5
263.704	88.0
264.039	89.9
264.375	87.9
264.711	88.4
265.047	85.0
265.382	87.3
265.718	93.2
266.054	89.5
266.390	90.5
266.726	88.7
267.062	90.4
267.398	89.9
267.734	90.0
268.070	90.1
268.406	90.4
268.742	89.8
269.079	89.8
269.415	92.4
269.751	89.6
270.087	88.9
270.424	86.7
270.760	90.8
271.096	87.9
271.433	87.6
271.769	87.8
272.106	91.6
272.442	87.2
272.779	89.7
273.115	89.0
273.452	89.0
273.789	89.6
274.125	86.7
274.462	88.0
274.799	90.9
275.135	91.1
275.472	89.1
275.809	88.6
276.146	88.9
276.483	90.6
276.820	90.0
277.157	89.7
277.494	89.3
277.831	88.3
278.168	90.4
278.505	87.2
278.842	87.4
279.179	88.2
279.516	90.8
279.854	88.9
280.191	88.7
280.528	86.6
280.866	88.4
281.203	88.6
281.540	90.5
281.878	88.8
282.215	89.2
282.553	90.4
282.890	90.1
283.228	89.7
283.566	90.0
283.903	93.4
284.241	92.7
284.579	90.7
284.916	91.0
285.254	88.6
285.592	87.6
285.930	90.4
286.268	91.4
286.605	88.9
286.943	91.6
287.281	91.3
287.619	89.1
287.957	87.7
288.295	92.4
288.633	89.9
288.972	91.6
289.310	90.4
289.648	94.6
289.986	93.4
290.324	93.3
290.663	90.4
291.001	92.7
291.339	92.7
291.678	91.4
292.016	90.2
292.355	88.3
292.693	89.5
293.032	90.7
293.370	89.9
293.709	90.0
294.047	91.5
294.386	90.3
294.725	89.6
295.063	91.7
295.402	90.6
295.741	89.2
296.080	88.1
296.419	91.7
296.758	91.7
297.096	89.8
297.435	87.5
297.774	91.3
298.113	94.5
298.452	92.6
298.791	93.6
299.131	93.2
299.470	91.7
299.809	94.1
300.148	89.1
300.487	91.2
300.827	91.4
301.166	90.5
301.505	91.7
301.845	91.8
302.184	91.1
302.523	92.1
302.863	91.3
303.202	92.3
303.542	89.6
303.881	90.5
304.221	91.1
304.561	91.9
304.900	89.8
305.240	93.1
305.580	93.6
305.920	93.8
306.259	90.6
306.599	91.6
306.939	91.6
307.279	92.4
307.619	93.9
307.959	92.8
308.299	90.3
308.639	90.9
308.979	94.5
309.319	92.2
309.659	91.8
309.999	90.8
310.339	90.5
310.679	93.0
311.020	91.7
311.360	92.4
311.700	90.6
312.041	90.6
312.381	92.0
312.721	92.9
313.062	93.2
313.402	91.9
313.743	92.4
314.083	95.0
314.424	91.1
314.764	92.4
315.105	91.9
315.446	91.4
315.786	87.2
316.127	90.5
316.468	89.0
316.809	92.5
317.149	88.8
317.490	89.5
317.831	89.5
318.172	91.7
318.513	93.1
318.854	93.2
319.195	89.6
319.536	93.7
319.877	95.0
320.218	93.0
320.559	93.4
320.901	93.6
321.242	89.3
321.583	91.0
321.924	93.0
322.266	92.2
322.607	91.9
322.948	94.7
323.290	93.4
323.631	96.4
323.972	96.6
324.314	93.2
324.655	95.2
324.997	94.9
325.339	94.3
325.680	94.0
326.022	91.0
326.364	91.2
326.705	91.9
327.047	92.5
327.389	90.4
327.731	92.4
328.072	90.2
328.414	91.3
328.756	90.7
329.098	89.3
329.440	92.3
329.782	92.3
330.124	91.1
330.466	94.8
330.808	94.5
331.150	92.8
331.492	88.8
331.835	92.3
332.177	91.3
332.519	90.8
332.861	89.1
333.204	89.6
333.546	87.7
333.888	90.2
334.231	90.8
334.573	89.5
334.916	91.2
335.258	92.8
335.601	91.8
335.943	88.9
336.286	88.7
336.628	91.2
336.971	91.6
337.314	92.2
337.657	92.8
337.999	95.6
338.342	93.3
338.685	93.3
339.028	92.2
339.371	93.8
339.714	91.7
340.056	95.0
340.399	91.7
340.742	90.2
341.085	86.7
341.429	88.0
341.772	94.5
342.115	89.4
342.458	90.6
342.801	91.1
343.144	89.5
343.488	91.8
343.831	90.7
344.174	90.8
344.517	92.7
344.861	92.8
345.204	96.2
345.548	91.2
345.891	92.1
346.235	92.2
346.578	89.5
346.922	90.9
347.265	91.6
347.609	92.1
347.953	90.0
348.296	90.0
348.640	91.8
348.984	90.5
349.328	93.3
349.671	94.9
350.015	92.7
350.359	91.7
350.703	92.2
351.047	93.3
351.391	90.5
351.735	90.2
352.079	88.1
352.423	89.0
352.767	92.7
353.111	93.2
353.455	90.5
353.800	88.7
354.144	90.5
354.488	91.9
354.832	92.0
355.177	88.4
355.521	89.4
355.865	89.5
356.210	91.8
356.554	91.4
356.899	93.3
357.243	94.8
357.588	93.2
357.932	91.4
358.277	90.1
358.621	91.4
358.966	90.1
359.311	93.9
359.655	96.7
360.000	92.8
360.345	91.6
360.690	90.3
361.035	88.7
361.379	91.3
361.724	89.9
362.069	91.7
362.414	86.5
362.759	88.4
363.104	91.0
363.449	90.6
363.794	91.2
364.139	89.5
364.485	89.9
364.830	93.8
365.175	97.5
365.520	103.6
365.865	117.3
366.211	125.7
366.556	116.5
366.901	102.1
367.247	95.2
367.592	93.1
367.938	92.1
368.283	89.7
368.629	90.0
368.974	90.0
369.320	88.5
369.665	87.6
370.011	88.5
370.357	88.9
370.702	87.7
371.048	89.0
371.394	88.3
371.740	89.4
372.085	85.6
372.431	88.2
372.777	89.3
373.123	87.6
373.469	89.7
373.815	91.0
374.161	88.1
374.507	89.8
374.853	93.2
375.199	87.9
375.545	90.0
375.891	89.9
376.238	89.4
376.584	89.3
376.930	90.5
377.276	91.8
377.623	90.8
377.969	89.2
378.315	89.9
378.662	90.9
379.008	90.9
379.355	93.5
379.701	94.2
380.048	94.8
380.394	93.5
380.741	91.9
381.087	93.2
381.434	89.6
381.781	90.2
382.127	92.1
382.474	90.0
382.821	93.0
383.168	90.9
383.514	92.7
383.861	92.6
384.208	94.3
384.555	91.1
384.902	92.4
385.249	90.0
385.596	91.7
385.943	90.3
386.290	91.1
386.637	91.7
386.984	94.8
387.331	89.9
387.679	92.7
388.026	94.1
388.373	92.2
388.720	91.8
389.068	90.4
389.415	89.2
389.762	87.9
390.110	90.2
390.457	93.4
390.804	89.8
391.152	91.5
391.499	90.2
391.847	91.4
392.195	91.6
392.542	89.9
392.890	92.3
393.237	91.3
393.585	91.3
393.933	93.1
394.281	91.3
394.628	92.6
394.976	92.7
395.324	94.5
395.672	93.2
396.020	93.1
396.368	90.0
396.716	89.8
397.064	93.4
397.412	91.7
397.760	90.9
398.108	89.8
398.456	91.1
398.804	89.2
399.152	87.5
399.500	90.7
399.849	92.0
400.197	90.4
400.545	90.1
400.893	92.3
401.242	90.3
401.590	93.2
401.939	91.7
402.287	92.2
402.635	90.6
402.984	95.0
403.332	91.5
403.681	94.2
404.030	95.6
404.378	106.5
404.727	132.2
405.075	182.0
405.424	287.3
405.773	335.8
406.122	265.0
406.470	138.5
406.819	94.1
407.168	97.5
407.517	95.0
407.866	99.1
408.215	104.4
408.564	110.5
408.913	112.2
409.262	108.1
409.611	99.2
409.960	93.0
410.309	96.9
410.658	98.6
411.007	96.3
411.357	95.4
411.706	98.9
412.055	101.0
412.404	97.5
412.754	96.1
413.103	99.0
413.452	99.2
413.802	97.7
414.151	98.8
414.501	97.6
414.850	99.4
415.200	99.9
415.549	101.6
415.899	100.7
416.248	99.1
416.598	100.7
416.948	99.4
417.297	100.2
417.647	100.4
417.997	105.1
418.347	101.5
418.697	102.5
419.046	106.7
419.396	107.1
419.746	106.4
420.096	107.1
420.446	108.0
420.796	108.0
421.146	108.7
421.496	112.5
421.846	109.5
422.196	112.2
422.546	114.0
422.897	115.1
423.247	113.2
423.597	115.3
423.947	115.6
424.298	117.8
424.648	115.9
424.998	115.6
425.349	117.9
425.699	119.1
426.049	121.4
426.400	122.0
426.750	122.9
427.101	123.6
427.451	124.1
427.802	126.4
428.153	124.4
428.503	125.8
428.854	128.4
429.205	130.3
429.555	132.4
429.906	131.4
430.257	131.9
430.608	137.8
430.958	135.6
431.309	137.9
431.660	138.1
432.011	137.4
432.362	137.9
432.713	140.9
433.064	140.4
433.415	146.2
433.766	146.8
434.117	147.4
434.468	149.9
434.819	154.4
435.171	160.4
435.522	178.1
435.873	240.5
436.224	401.9
436.576	765.0
436.927	935.8
437.278	702.5
437.630	281.9
437.981	154.6
438.333	151.0
438.684	149.5
439.035	149.9
439.387	149.0
439.739	150.5
440.090	149.4
440.442	150.4
440.793	150.7
441.145	150.5
441.497	151.9
441.848	153.8
442.200	153.0
442.552	157.6
442.904	155.6
443.256	155.1
443.607	155.3
443.959	155.2
444.311	155.1
444.663	156.4
445.015	156.2
445.367	157.0
445.719	155.8
446.071	157.7
446.423	156.4
446.776	156.5
447.128	159.3
447.480	158.2
447.832	154.9
448.184	157.8
448.537	157.2
448.889	158.4
449.241	160.1
449.594	156.6
449.946	159.7
450.298	158.0
450.651	155.8
451.003	156.9
451.356	160.1
451.708	159.8
452.061	158.1
452.413	157.9
452.766	159.2
453.119	162.2
453.471	157.2
453.824	160.6
454.177	160.2
454.529	158.0
454.882	158.9
455.235	161.9
455.588	160.8
455.941	158.7
456.294	159.4
456.647	156.1
456.999	158.7
457.352	157.3
457.705	159.1
458.058	157.6
458.412	158.3
458.765	158.6
459.118	157.6
459.471	157.3
459.824	155.8
460.177	157.0
460.530	158.5
460.884	157.5
461.237	155.8
461.590	156.0
461.944	156.9
462.297	155.4
462.650	154.1
463.004	157.2
463.357	158.4
463.711	157.6
464.064	154.9
464.418	156.2
464.771	155.6
465.125	153.7
465.479	156.1
465.832	153.0
466.186	152.3
466.540	154.2
466.893	152.0
467.247	153.3
467.601	152.7
467.955	151.8
468.309	152.6
468.662	152.7
469.016	152.0
469.370	152.1
469.724	151.7
470.078	151.3
470.432	153.3
470.786	147.7
471.140	147.8
471.494	151.3
471.849	148.9
472.203	148.2
472.557	149.6
472.911	148.3
473.265	147.9
473.620	146.5
473.974	147.0
474.328	147.3
474.682	146.3
475.037	145.9
475.391	147.3
475.746	147.6
476.100	146.6
476.455	144.1
476.809	144.2
477.164	144.3
477.518	145.2
477.873	145.1
478.227	143.0
478.582	144.1
478.937	142.6
479.291	144.8
479.646	145.8
480.001	143.4
480.356	147.5
480.711	146.0
481.065	148.2
481.420	148.8
481.775	148.9
482.130	153.6
482.485	154.2
482.840	159.3
483.195	164.9
483.550	173.0
483.905	180.0
484.260	192.2
484.615	205.4
484.970	215.0
485.326	226.9
485.681	237.6
486.036	259.2
486.391	272.2
486.747	285.6
487.102	297.3
487.457	300.5
487.813	305.3
488.168	306.3
488.523	306.0
488.879	300.7
489.234	294.8
489.590	288.2
489.945	288.2
490.301	283.1
490.656	280.7
491.012	273.5
491.368	266.2
491.723	257.1
492.079	255.1
492.435	253.8
492.791	248.9
493.146	243.9
493.502	238.4
493.858	229.4
494.214	227.6
494.570	222.5
494.926	221.1
495.281	213.2
495.637	205.9
495.993	201.4
496.349	195.5
496.705	193.6
497.062	190.7
497.418	191.6
497.774	189.4
498.130	188.0
498.486	189.0
498.842	181.4
499.199	174.0
499.555	170.9
499.911	161.3
500.267	156.5
500.624	151.4
500.980	146.6
501.337	143.6
501.693	138.9
502.049	135.8
502.406	130.6
502.762	131.7
503.119	126.5
503.475	126.4
503.832	124.5
504.189	122.7
504.545	122.6
504.902	118.7
505.259	119.4
505.615	117.1
505.972	117.2
506.329	114.6
506.686	115.6
507.043	112.6
507.399	115.4
507.756	112.3
508.113	111.9
508.470	109.6
508.827	111.6
509.184	112.0
509.541	109.2
509.898	116.4
510.255	109.9
510.612	109.8
510.969	108.0
511.327	110.7
511.684	110.3
512.041	109.3
512.398	110.0
512.755	109.5
513.113	110.5
513.470	108.6
513.827	109.1
514.185	109.0
514.542	108.9
514.900	109.0
515.257	106.8
515.614	108.8
515.972	108.9
516.329	107.5
516.687	104.8
517.045	106.5
517.402	107.9
517.760	108.5
518.117	105.3
518.475	104.2
518.833	104.4
519.191	106.2
519.548	105.1
519.906	104.8
520.264	103.8
520.622	103.8
520.980	103.6
521.338	104.7
521.695	105.0
522.053	103.9
522.411	101.4
522.769	102.4
523.127	102.1
523.485	103.0
523.844	103.9
524.202	103.9
524.560	104.5
524.918	101.6
525.276	102.3
525.634	102.7
525.993	104.5
526.351	102.7
526.709	102.7
527.067	100.8
527.426	103.1
527.784	104.2
528.143	105.8
528.501	102.5
528.859	103.8
529.218	103.9
529.576	103.2
529.935	101.4
530.293	102.4
530.652	103.5
531.011	103.0
531.369	103.3
531.728	104.2
532.087	102.0
532.445	103.5
532.804	107.7
533.163	106.1
533.522	109.9
533.880	111.9
534.239	115.5
534.598	118.2
534.957	115.3
535.316	114.3
535.675	116.3
536.034	115.8
536.393	117.6
536.752	120.9
537.111	126.6
537.470	127.6
537.829	134.4
538.188	144.3
538.547	156.5
538.907	170.1
539.266	188.6
539.625	203.0
539.984	215.8
540.344	235.2
540.703	266.0
541.062	305.2
541.422	345.0
541.781	401.8
542.140	498.5
542.500	627.3
542.859	757.6
543.219	839.9
543.578	854.3
543.938	846.5
544.297	844.7
544.657	856.1
545.017	834.1
545.376	800.7
545.736	759.5
546.096	748.3
546.455	827.9
546.815	1061.5
547.175	1047.7
547.535	783.2
547.895	462.1
548.254	374.3
548.614	352.1
548.974	336.2
549.334	334.7
549.694	344.6
550.054	344.8
550.414	338.9
550.774	320.5
551.134	291.6
551.494	275.1
551.854	265.3
552.215	255.3
552.575	260.5
552.935	249.2
553.295	246.7
553.655	236.8
554.016	220.1
554.376	203.3
554.736	183.9
555.097	167.2
555.457	151.2
555.817	143.3
556.178	132.5
556.538	129.0
556.899	126.8
557.259	121.1
557.620	119.2
557.980	114.2
558.341	114.0
558.701	114.9
559.062	111.1
559.423	108.4
559.783	112.1
560.144	108.8
560.505	110.1
560.866	107.8
561.226	107.5
561.587	106.7
561.948	104.1
562.309	105.1
562.670	106.2
563.031	105.7
563.391	104.9
563.752	103.8
564.113	105.3
564.474	104.0
564.835	101.5
565.197	101.9
565.558	103.5
565.919	101.8
566.280	103.7
566.641	99.4
567.002	100.8
567.363	100.3
567.725	99.7
568.086	100.7
568.447	99.2
568.808	99.2
569.170	99.7
569.531	102.4
569.893	100.6
570.254	101.9
570.615	102.5
570.977	103.0
571.338	98.5
571.700	102.4
572.061	101.3
572.423	103.1
572.785	103.7
573.146	106.8
573.508	105.7
573.869	105.1
574.231	108.0
574.593	110.0
574.955	109.7
575.316	112.4
575.678	110.0
576.040	112.5
576.402	113.5
576.764	120.2
577.126	139.8
577.487	186.5
577.849	232.1
578.211	212.5
578.573	162.9
578.935	135.8
579.297	155.1
579.659	202.0
580.022	245.5
580.384	243.5
580.746	221.1
581.108	228.4
581.470	233.4
581.832	215.1
582.195	200.6
582.557	208.4
582.919	220.6
583.281	235.9
583.644	253.8
584.006	284.1
584.368	305.9
584.731	308.8
585.093	303.9
585.456	287.9
585.818	272.7
586.181	255.7
586.543	246.2
586.906	241.8
587.268	251.8
587.631	285.7
587.994	334.1
588.356	363.9
588.719	350.0
589.082	297.0
589.445	262.1
589.807	237.9
590.170	225.5
590.533	223.8
590.896	219.9
591.259	213.5
591.621	206.3
591.984	200.9
592.347	196.4
592.710	196.9
593.073	206.7
593.436	220.3
593.799	239.2
594.162	244.3
594.525	221.7
594.888	193.3
595.252	161.6
595.615	148.9
595.978	139.2
596.341	136.9
596.704	135.6
597.068	135.9
597.431	136.2
597.794	132.7
598.157	136.5
598.521	135.2
598.884	139.2
599.248	147.1
599.611	161.7
599.974	169.2
600.338	178.6
600.701	177.6
601.065	167.7
601.428	152.3
601.792	142.5
602.156	139.1
602.519	126.8
602.883	124.0
603.247	119.1
603.610	118.8
603.974	119.7
604.338	120.1
604.701	118.6
605.065	121.3
605.429	121.1
605.793	124.5
606.157	123.5
606.521	127.1
606.885	128.9
607.248	131.3
607.612	135.5
607.976	140.2
608.340	147.0
608.704	155.0
609.069	164.1
609.433	177.0
609.797	198.4
610.161	230.9
610.525	284.7
610.889	374.3
611.253	567.0
611.618	898.9
611.982	1274.8
612.346	1381.7
612.710	1143.1
613.075	789.0
613.439	571.3
613.803	488.1
614.168	442.2
614.532	418.7
614.897	402.5
615.261	388.8
615.626	371.6
615.990	339.1
616.355	302.6
616.719	262.5
617.084	236.0
617.448	219.0
617.813	212.3
618.178	208.6
618.542	205.0
618.907	199.5
619.272	202.0
619.637	204.7
620.001	212.2
620.366	219.2
620.731	232.5
621.096	240.8
621.461	243.1
621.826	241.9
622.190	238.3
622.555	228.8
622.920	219.9
623.285	212.0
623.650	204.7
624.015	200.2
624.380	197.5
624.746	195.1
625.111	195.0
625.476	194.7
625.841	191.6
626.206	184.7
626.571	175.7
626.937	170.3
627.302	166.9
627.667	165.9
628.032	166.2
628.398	164.1
628.763	162.4
629.128	160.0
629.494	161.4
629.859	161.2
630.225	165.0
630.590	171.4
630.956	187.8
631.321	210.9
631.687	235.0
632.052	241.3
632.418	211.7
632.783	177.0
633.149	143.7
633.515	128.0
633.880	119.1
634.246	115.5
634.612	110.7
634.978	111.5
635.343	111.3
635.709	110.3
636.075	108.0
636.441	105.5
636.807	109.1
637.173	109.2
637.538	105.2
637.904	104.4
638.270	104.4
638.636	104.5
639.002	103.8
639.368	101.9
639.734	102.6
640.101	103.2
640.467	100.8
640.833	102.2
641.199	103.7
641.565	102.5
641.931	106.0
642.297	103.9
642.664	101.9
643.030	102.4
643.396	104.0
643.763	103.4
644.129	105.8
644.495	106.0
644.862	105.9
645.228	106.4
645.594	105.5
645.961	106.2
646.327	106.5
646.694	105.1
647.060	104.7
647.427	106.3
647.793	105.3
648.160	103.7
648.527	104.3
648.893	107.1
649.260	107.3
649.627	109.2
649.993	109.2
650.360	113.0
650.727	121.3
651.094	132.2
651.460	136.4
651.827	129.8
652.194	121.6
652.561	111.6
652.928	108.8
653.295	109.5
653.662	110.8
654.029	113.3
654.396	108.8
654.763	108.1
655.130	106.0
655.497	103.2
655.864	103.3
656.231	104.9
656.598	101.8
656.965	100.5
657.332	102.3
657.699	102.6
658.067	101.6
658.434	104.1
658.801	104.5
659.168	103.9
659.536	103.3
659.903	101.2
660.270	98.6
660.638	100.7
661.005	97.6
661.373	98.0
661.740	100.4
662.108	104.4
662.475	106.8
662.843	113.9
663.210	119.4
663.578	117.3
663.945	114.7
664.313	108.1
664.680	104.3
665.048	104.4
665.416	105.5
665.783	104.4
666.151	103.4
666.519	102.7
666.887	102.8
667.254	102.1
667.622	104.9
667.990	106.3
668.358	106.4
668.726	104.8
669.094	106.0
669.462	105.0
669.830	103.8
670.197	105.1
670.565	101.9
670.933	102.4
671.302	102.2
671.670	102.6
672.038	102.0
672.406	103.2
672.774	101.8
673.142	99.3
673.510	101.5
673.878	100.1
674.247	101.1
674.615	100.8
674.983	101.0
675.351	99.9
675.720	98.1
676.088	100.0
676.456	98.6
676.825	100.2
677.193	98.8
677.561	102.5
677.930	100.6
678.298	101.5
678.667	102.8
679.035	103.4
679.404	104.1
679.772	101.1
680.141	105.3
680.510	103.1
680.878	103.3
681.247	102.6
681.616	101.7
681.984	101.1
682.353	101.7
682.722	103.6
683.090	101.3
683.459	99.8
683.828	101.4
684.197	102.0
684.566	99.6
684.934	98.5
685.303	99.3
685.672	97.4
686.041	96.7
686.410	99.9
686.779	100.1
687.148	102.2
687.517	103.5
687.886	109.3
688.255	114.0
688.624	112.4
688.993	112.1
689.363	107.2
689.732	102.4
690.101	98.6
690.470	98.3
690.839	99.5
691.208	97.7
691.578	98.2
691.947	98.6
692.316	96.5
692.686	96.7
693.055	94.9
693.424	97.3
693.794	102.0
694.163	107.9
694.533	112.8
694.902	109.8
695.272	101.3
695.641	93.7
696.011	96.8
696.380	95.9
696.750	96.5
697.119	97.9
697.489	97.9
697.859	96.2
698.228	95.8
698.598	93.3
698.968	95.5
699.337	97.0
699.707	97.2
700.077	94.2
700.447	94.2
700.816	97.1
701.186	97.4
701.556	96.6
701.926	95.9
702.296	95.5
702.666	95.7
703.036	95.8
703.406	98.3
703.776	98.5
704.146	99.3
704.516	101.4
704.886	102.1
705.256	103.8
705.626	108.3
705.996	106.0
706.366	113.7
706.736	121.8
707.106	131.5
707.477	142.8
707.847	148.8
708.217	143.8
708.587	133.2
708.958	130.3
709.328	142.3
709.698	159.8
710.069	157.7
710.439	139.1
710.809	117.4
711.180	107.4
711.550	107.5
711.921	112.6
712.291	123.3
712.662	140.0
713.032	150.8
713.403	145.3
713.773	131.9
714.144	113.7
714.515	104.7
714.885	101.0
715.256	100.4
715.627	99.4
715.997	97.0
716.368	99.0
716.739	96.8
717.109	96.3
717.480	94.9
717.851	95.2
718.222	94.8
718.593	96.9
718.964	96.1
719.334	94.8
719.705	96.1
720.076	96.5
720.447	96.1
720.818	95.2
721.189	96.3
721.560	95.2
721.931	95.5
722.302	95.5
722.673	96.8
723.045	95.4
723.416	94.3
723.787	97.1
724.158	96.6
724.529	95.6
724.900	94.3
725.272	94.8
725.643	94.2
726.014	95.9
726.385	96.0
726.757	95.3
727.128	96.2
727.499	96.3
727.871	95.5
728.242	96.4
728.614	96.0
728.985	94.1
729.357	94.4
729.728	96.8
730.100	94.5
730.471	95.4
730.843	96.0
731.214	93.8
731.586	96.9
731.957	97.0
732.329	99.3
732.701	98.9
733.072	94.1
733.444	94.5
733.816	95.4
734.187	95.5
734.559	95.3
734.931	96.9
735.303	94.9
735.675	94.2
736.046	96.3
736.418	95.7
736.790	95.5
737.162	96.0
737.534	95.3
737.906	95.4
738.278	94.9
738.650	98.5
739.022	99.1
739.394	98.5
739.766	97.9
740.138	97.1
740.510	97.3
740.882	95.8
741.254	94.5
741.627	94.8
741.999	97.0
742.371	94.0
742.743	97.6
743.115	96.4
743.488	99.2
743.860	97.6
744.232	97.4
744.605	98.1
744.977	96.4
745.349	96.8
745.722	95.7
746.094	95.2
746.466	95.6
746.839	97.5
747.211	96.6
747.584	95.6
747.956	95.7
748.329	96.3
748.701	95.1
749.074	97.3
749.447	95.8
749.819	93.1
750.192	95.5
750.565	96.3
750.937	102.1
751.310	97.4
751.683	97.6
752.055	98.7
752.428	96.6
752.801	95.3
753.174	95.8
753.546	94.4
753.919	95.9
754.292	95.2
754.665	94.8
755.038	96.0
755.411	98.8
755.784	95.2
756.157	93.2
756.530	95.2
756.903	96.3
757.276	94.6
757.649	95.6
758.022	94.2
758.395	95.3
758.768	94.8
759.141	95.0
759.514	94.3
759.887	95.8
760.261	94.0
760.634	92.6
761.007	94.6
761.380	92.5
761.754	95.6
762.127	93.3
762.500	94.6
762.873	94.0
763.247	94.9
763.620	96.8
763.994	103.3
764.367	102.0
764.740	99.6
765.114	93.2
765.487	94.4
765.861	97.3
766.234	95.3
766.608	92.9
766.981	93.0
767.355	96.1
767.729	95.5
768.102	95.3
768.476	95.5
768.849	95.5
769.223	97.5
769.597	93.1
769.970	95.0
770.344	93.9
770.718	94.3
771.092	93.3
771.466	93.4
771.839	95.3
772.213	95.9
772.587	95.3
772.961	98.1
773.335	97.2
773.709	96.3
774.083	94.3
774.457	94.6
774.831	94.6
775.204	91.5
775.579	96.1
775.953	93.9
776.327	92.9
776.701	95.8
777.075	94.4
777.449	94.1
777.823	93.9
778.197	93.5
778.571	93.7
778.945	92.2
779.320	98.6
779.694	95.3
780.068	97.0
780.442	94.8
780.817	95.2
781.191	94.6
781.565	93.2
781.940	96.5
782.314	95.6
782.688	95.4
783.063	95.2
783.437	95.7
783.812	93.7
784.186	94.4
784.561	94.8
784.935	96.9
785.310	94.8
785.684	95.0
786.059	94.0
786.433	98.3
786.808	94.8
787.183	95.7
787.557	96.5
787.932	94.9
788.307	96.3
788.681	95.1
789.056	95.8
789.431	95.6
789.806	94.8
790.180	94.6
790.555	94.0
790.930	95.7
791.305	99.2
791.680	94.6
792.054	95.0
792.429	95.4
792.804	95.2
793.179	95.7
793.554	95.0
793.929	96.4
794.304	95.2
794.679	94.4
795.054	95.4
795.429	97.1
795.804	98.4
796.179	96.6
796.555	95.5
796.930	94.6
797.305	95.1
797.680	95.0
798.055	95.1
798.430	95.9
798.806	95.3
799.181	94.5
799.556	94.6
799.931	96.6
800.307	97.3
800.682	94.9
801.057	96.2
801.433	96.0
801.808	97.5
802.184	97.1
802.559	96.6
802.934	93.0
803.310	98.1
803.685	94.3
804.061	95.0
804.436	93.7
804.812	95.1
805.187	96.8
805.563	91.9
805.939	96.1
806.314	95.0
806.690	95.5
807.065	95.1
807.441	95.5
807.817	94.8
808.193	94.7
808.568	96.7
808.944	95.7
809.320	94.1
809.696	93.9
810.071	95.2
810.447	96.9
810.823	99.0
811.199	99.7
811.575	99.8
811.951	102.1
812.327	105.7
812.703	100.7
813.079	94.6
813.454	95.4
813.830	97.7
814.206	94.3
814.583	93.7
814.959	93.3
815.335	97.7
815.711	96.1
816.087	95.5
816.463	93.7
816.839	94.7
817.215	94.4
817.591	94.7
817.968	94.9
818.344	97.3
818.720	94.3
819.096	94.4
819.473	94.7
819.849	98.1
820.225	96.5
820.602	95.4
820.978	98.0
821.354	96.2
821.731	95.3
822.107	100.5
822.484	95.1
822.860	96.2
823.236	96.1
823.613	98.5
823.989	98.4
824.366	96.3
824.743	95.7
825.119	95.8
825.496	95.9
825.872	95.6
826.249	96.3
826.626	95.7
827.002	96.8
827.379	96.5
827.756	97.1
828.132	95.2
828.509	99.0
828.886	95.9
829.262	96.8
829.639	95.2
830.016	96.9
830.393	96.0
830.770	97.6
831.147	96.1
831.523	94.7
831.900	96.2
832.277	94.1
832.654	97.2
833.031	94.4
833.408	96.5
833.785	97.0
834.162	97.9
834.539	96.8
834.916	97.3
835.293	95.7
835.670	97.1
836.047	96.3
836.425	97.0
836.802	95.7
837.179	99.2
837.556	95.6
837.933	95.7
838.310	96.6
838.688	97.4
839.065	93.4
839.442	97.0
839.819	95.0
840.197	97.4
840.574	95.7
840.951	99.6
841.329	98.6
841.706	97.3
842.083	96.1
842.461	96.2
842.838	99.2
843.216	100.1
843.593	97.5
843.971	96.9
844.348	99.0
844.726	95.9
845.103	95.6
845.481	96.4
845.858	94.0
846.236	96.8
846.614	96.3
846.991	96.2
847.369	94.6
847.747	96.4
848.124	97.5
848.502	96.1
848.880	95.1
849.257	95.9
849.635	96.2
850.013	94.8
850.391	96.5
850.768	95.7
851.146	94.6
851.524	99.5
851.902	96.5
852.280	96.1
852.658	98.8
853.036	97.7
853.414	97.0
853.792	96.0
854.170	96.9
854.548	95.6
854.926	96.7
855.304	94.3
855.682	96.4
856.060	99.7
856.438	95.6
856.816	95.6
857.194	96.2
857.572	95.0
857.950	98.2
858.328	97.2
858.707	95.5
859.085	96.5
859.463	98.4
859.841	98.3
860.220	97.6
860.598	96.8
860.976	97.1
861.354	95.3
861.733	97.4
862.111	96.6
862.489	99.2
862.868	96.8
863.246	98.0
863.625	99.4
864.003	96.2
864.382	98.3
864.760	98.9
865.139	98.1
865.517	99.3
865.896	96.9
866.274	98.9
866.653	96.5
867.031	96.1
867.410	99.2
867.788	96.9
868.167	100.6
868.546	96.6
868.924	96.8
869.303	99.8
869.682	96.7
870.061	97.5
870.439	97.4
870.818	100.0
871.197	98.2
871.576	99.9
871.954	97.0
872.333	97.8
872.712	96.7
873.091	95.4
873.470	97.2
873.849	98.2
874.228	96.6
874.606	97.0
874.985	95.0
875.364	94.8
875.743	99.9
876.122	96.5
876.501	96.5
876.880	97.2
877.259	98.8
877.639	98.8
878.018	96.0
878.397	99.1
878.776	97.7
879.155	96.7
879.534	96.4
879.913	95.7
880.293	99.4
880.672	96.4
881.051	98.1
881.430	97.0
881.809	95.1
882.189	97.8
882.568	98.9
882.947	98.9
883.327	98.1
883.706	96.7
884.085	98.6
884.465	95.2
884.844	98.0
885.224	96.6
885.603	98.3
885.982	95.8
886.362	97.6
886.741	96.8
887.121	97.1
887.500	96.6
887.880	97.8
888.259	97.1
888.639	95.9
889.019	97.5
889.398	98.9
889.778	98.1
890.157	98.8
890.537	100.0
890.917	96.1
891.296	97.6
891.676	97.8
892.056	97.2
892.436	100.6
892.815	99.1
893.195	98.6
893.575	96.9
893.955	96.6
894.335	97.5
894.714	100.2
895.094	99.0
895.474	99.8
895.854	97.9
896.234	98.5
896.614	98.1
896.994	98.2
897.374	98.4
897.754	96.4
898.134	98.9
898.514	97.9
898.894	98.5
899.274	97.6
899.654	98.1
900.034	98.0
900.414	98.5
900.794	97.6
901.174	98.4
901.554	98.5
901.935	98.0
902.315	98.4
902.695	100.9
903.075	97.3
903.455	98.7
903.836	99.7
904.216	98.3
904.596	101.1
904.977	98.3
905.357	99.7
905.737	98.1
