175.633	73.9
175.959	73.7
176.286	72.9
176.612	72.8
176.939	73.7
177.265	75.1
177.592	75.6
177.919	73.4
178.245	74.1
178.572	75.1
178.899	71.1
179.226	76.0
179.553	76.0
179.879	78.0
180.206	73.9
180.533	74.4
180.860	77.1
181.187	76.1
181.514	75.7
181.841	76.5
182.168	76.9
182.496	76.6
182.823	78.9
183.150	74.1
183.477	76.5
183.805	76.7
184.132	77.9
184.459	76.1
184.787	77.3
185.114	78.0
185.442	77.0
185.769	78.0
186.097	78.5
186.424	83.3
186.752	81.5
187.079	80.6
187.407	78.7
187.735	80.2
188.063	76.8
188.390	79.4
188.718	77.8
189.046	78.9
189.374	78.6
189.702	79.3
190.030	79.9
190.358	77.0
190.686	77.4
191.014	78.0
191.342	79.1
191.670	77.6
191.999	78.3
192.327	78.3
192.655	79.8
192.983	79.6
193.312	81.2
193.640	81.0
193.968	79.4
194.297	79.6
194.625	79.2
194.954	78.8
195.282	81.5
195.611	82.5
195.940	83.0
196.268	79.0
196.597	81.3
196.926	82.8
197.254	83.5
197.583	82.2
197.912	84.2
198.241	82.9
198.570	80.0
198.899	82.5
199.228	82.7
199.557	79.3
199.886	79.8
200.215	77.5
200.544	81.7
200.873	82.0
201.202	82.7
201.531	78.6
201.861	84.7
202.190	83.7
202.519	82.5
202.849	82.3
203.178	81.8
203.507	86.0
203.837	84.0
204.166	84.0
204.496	85.1
204.826	84.3
205.155	82.2
205.485	85.2
205.814	84.1
206.144	84.6
206.474	85.4
206.804	81.7
207.133	83.1
207.463	84.8
207.793	83.6
208.123	84.2
208.453	86.7
208.783	84.6
209.113	82.7
209.443	85.5
209.773	83.8
210.103	85.7
210.433	85.5
210.764	84.2
211.094	83.5
211.424	85.6
211.754	86.4
212.085	84.2
212.415	88.2
212.746	83.4
213.076	79.6
213.407	80.3
213.737	84.9
214.068	84.3
214.398	85.2
214.729	83.5
215.059	80.9
215.390	84.5
215.721	79.3
216.052	81.4
216.382	82.3
216.713	79.1
217.044	82.3
217.375	83.7
217.706	81.7
218.037	81.5
218.368	79.3
218.699	83.7
219.030	82.4
219.361	82.7
219.692	83.7
220.023	83.1
220.355	83.4
220.686	83.0
221.017	83.6
221.348	82.4
221.680	82.0
222.011	82.5
222.343	82.0
222.674	84.7
223.006	86.4
223.337	87.5
223.669	83.4
224.000	82.1
224.332	83.5
224.663	83.8
224.995	82.7
225.327	84.7
225.659	82.8
225.990	85.2
226.322	84.6
226.654	85.8
226.986	86.8
227.318	86.1
227.650	86.8
227.982	87.0
228.314	83.8
228.646	85.7
228.978	86.1
229.310	86.4
229.642	85.7
229.975	84.9
230.307	83.2
230.639	84.5
230.972	82.5
231.304	85.9
231.636	82.7
231.969	83.4
232.301	84.4
232.634	83.6
232.966	84.7
233.299	85.4
233.631	86.2
233.964	87.4
234.297	86.0
234.629	84.5
234.962	84.3
235.295	87.2
235.628	85.4
235.960	85.0
236.293	86.6
236.626	86.2
236.959	85.2
237.292	86.9
237.625	84.4
237.958	86.9
238.291	87.4
238.624	86.8
238.957	85.9
239.291	86.9
239.624	85.2
239.957	86.2
240.290	84.6
240.624	86.7
240.957	86.5
241.290	84.7
241.624	87.6
241.957	85.5
242.291	87.9
242.624	86.7
242.958	86.4
243.291	87.6
243.625	87.7
243.959	89.0
244.292	89.8
244.626	87.7
244.960	87.9
245.293	85.6
245.627	85.7
245.961	88.9
246.295	85.6
246.629	89.6
246.963	84.1
247.297	87.1
247.631	85.5
247.965	84.5
248.299	86.5
248.633	85.0
248.967	87.9
249.302	86.1
249.636	85.6
249.970	86.1
250.304	85.7
250.639	84.8
250.973	86.0
251.307	85.8
251.642	87.5
251.976	89.1
252.311	87.6
252.645	87.9
252.980	89.6
253.314	86.9
253.649	88.4
253.984	85.1
254.318	86.1
254.653	89.8
254.988	87.9
255.323	85.8
255.658	86.7
255.992	88.4
256.327	87.3
256.662	88.5
256.997	85.3
257.332	86.9
257.667	86.2
258.002	86.9
258.338	84.8
258.673	88.4
259.008	85.9
259.343	87.6
259.678	85.4
260.014	89.8
260.349	85.3
260.684	87.5
261.020	86.0
261.355	87.8
261.690	86.8
262.026	89.1
262.361	86.2
262.697	86.7
263.032	84.7
263.368	87.9
263.704	86.9
264.039	87.7
264.375	85.2
264.711	88.3
265.047	83.8
265.382	87.9
265.718	92.0
266.054	87.6
266.390	89.6
266.726	87.3
267.062	90.2
267.398	89.5
267.734	86.8
268.070	88.0
268.406	88.9
268.742	88.4
269.079	88.6
269.415	90.4
269.751	86.3
270.087	87.9
270.424	87.6
270.760	87.4
271.096	85.0
271.433	86.3
271.769	85.5
272.106	89.5
272.442	86.6
272.779	89.6
273.115	87.3
273.452	87.7
273.789	89.1
274.125	86.8
274.462	86.9
274.799	88.2
275.135	88.3
275.472	88.2
275.809	87.1
276.146	88.1
276.483	89.5
276.820	88.0
277.157	88.3
277.494	86.2
277.831	87.4
278.168	89.0
278.505	85.9
278.842	85.5
279.179	86.9
279.516	89.2
279.854	87.3
280.191	89.5
280.528	85.8
280.866	86.9
281.203	88.0
281.540	87.6
281.878	88.6
282.215	86.5
282.553	88.8
282.890	89.5
283.228	88.2
283.566	88.3
283.903	91.2
284.241	89.3
284.579	89.3
284.916	88.5
285.254	87.8
285.592	88.9
285.930	88.6
286.268	89.9
286.605	87.7
286.943	90.2
287.281	90.4
287.619	87.5
287.957	85.4
288.295	88.9
288.633	88.6
288.972	89.6
289.310	88.1
289.648	89.6
289.986	91.8
290.324	90.4
290.663	88.7
291.001	90.7
291.339	91.3
291.678	91.4
292.016	87.9
292.355	87.7
292.693	86.8
293.032	90.6
293.370	88.9
293.709	89.8
294.047	88.5
294.386	89.0
294.725	87.7
295.063	89.2
295.402	89.5
295.741	89.1
296.080	86.2
296.419	90.5
296.758	88.9
297.096	89.5
297.435	87.4
297.774	89.5
298.113	94.5
298.452	91.8
298.791	89.6
299.131	91.0
299.470	88.9
299.809	93.4
300.148	88.8
300.487	90.1
300.827	90.3
301.166	88.4
301.505	89.7
301.845	90.4
302.184	90.5
302.523	89.6
302.863	89.4
303.202	90.8
303.542	87.8
303.881	91.4
304.221	90.8
304.561	92.3
304.900	89.0
305.240	91.0
305.580	91.6
305.920	91.7
306.259	89.8
306.599	91.7
306.939	91.6
307.279	90.1
307.619	91.5
307.959	91.1
308.299	90.2
308.639	89.9
308.979	91.8
309.319	90.9
309.659	89.9
309.999	88.8
310.339	90.3
310.679	93.0
311.020	93.7
311.360	96.5
311.700	96.5
312.041	101.5
312.381	104.9
312.721	112.0
313.062	128.3
313.402	135.9
313.743	141.3
314.083	126.2
314.424	105.1
314.764	89.8
315.105	90.0
315.446	89.9
315.786	87.1
316.127	89.1
316.468	87.7
316.809	90.4
317.149	87.5
317.490	88.4
317.831	88.1
318.172	90.7
318.513	91.3
318.854	89.6
319.195	87.2
319.536	92.0
319.877	93.0
320.218	93.2
320.559	92.4
320.901	90.5
321.242	88.7
321.583	89.5
321.924	91.6
322.266	91.3
322.607	89.2
322.948	91.9
323.290	92.3
323.631	94.1
323.972	93.6
324.314	93.6
324.655	94.2
324.997	93.7
325.339	92.2
325.680	93.6
326.022	90.2
326.364	89.2
326.705	91.8
327.047	92.8
327.389	88.3
327.731	91.2
328.072	89.7
328.414	90.4
328.756	90.2
329.098	89.5
329.440	91.6
329.782	92.4
330.124	90.5
330.466	92.5
330.808	94.3
331.150	92.3
331.492	87.4
331.835	90.8
332.177	89.9
332.519	90.4
332.861	90.5
333.204	91.9
333.546	94.1
333.888	95.7
334.231	98.9
334.573	111.8
334.916	115.0
335.258	108.1
335.601	94.6
335.943	89.4
336.286	87.8
336.628	90.6
336.971	90.0
337.314	91.4
337.657	91.7
337.999	92.3
338.342	92.1
338.685	91.3
339.028	92.9
339.371	91.8
339.714	91.3
340.056	92.0
340.399	88.9
340.742	88.5
341.085	86.1
341.429	87.2
341.772	93.5
342.115	88.2
342.458	89.7
342.801	90.5
343.144	86.9
343.488	90.2
343.831	89.2
344.174	89.8
344.517	91.5
344.861	90.9
345.204	96.1
345.548	88.5
345.891	92.9
346.235	89.8
346.578	89.6
346.922	90.6
347.265	92.0
347.609	90.3
347.953	88.4
348.296	89.4
348.640	91.1
348.984	92.5
349.328	92.9
349.671	93.5
350.015	91.7
350.359	90.5
350.703	91.5
351.047	90.8
351.391	91.2
351.735	90.2
352.079	89.4
352.423	89.3
352.767	93.2
353.111	92.6
353.455	91.4
353.800	89.1
354.144	92.1
354.488	92.4
354.832	92.1
355.177	91.1
355.521	91.0
355.865	91.8
356.210	92.1
356.554	94.5
356.899	95.7
357.243	96.3
357.588	93.4
357.932	95.0
358.277	92.5
358.621	91.7
358.966	92.8
359.311	96.5
359.655	96.2
360.000	96.3
360.345	95.8
360.690	94.2
361.035	92.8
361.379	94.4
361.724	94.6
362.069	94.6
362.414	91.0
362.759	95.4
363.104	100.1
363.449	103.9
363.794	122.0
364.139	161.3
364.485	226.2
364.830	325.8
365.175	533.3
365.520	892.9
365.865	994.0
366.211	770.1
366.556	448.4
366.901	350.9
367.247	271.8
367.592	166.5
367.938	96.1
368.283	93.9
368.629	92.0
368.974	92.0
369.320	92.4
369.665	90.0
370.011	91.3
370.357	90.3
370.702	91.4
371.048	91.3
371.394	91.4
371.740	89.9
372.085	87.3
372.431	88.3
372.777	89.4
373.123	88.1
373.469	88.3
373.815	90.8
374.161	87.0
374.507	89.1
374.853	92.4
375.199	87.5
375.545	89.9
375.891	90.6
376.238	89.6
376.584	88.2
376.930	89.9
377.276	90.3
377.623	89.5
377.969	89.1
378.315	89.7
378.662	89.1
379.008	90.4
379.355	94.6
379.701	92.1
380.048	94.7
380.394	91.8
380.741	90.4
381.087	90.0
381.434	88.6
381.781	88.2
382.127	89.8
382.474	89.4
382.821	93.0
383.168	91.4
383.514	92.2
383.861	91.3
384.208	93.0
384.555	89.9
384.902	92.0
385.249	90.1
385.596	91.3
385.943	88.6
386.290	90.3
386.637	90.6
386.984	92.0
387.331	88.6
387.679	92.4
388.026	93.0
388.373	92.2
388.720	89.8
389.068	89.7
389.415	89.7
389.762	89.1
390.110	92.3
390.457	96.1
390.804	96.5
391.152	99.0
391.499	96.9
391.847	93.9
392.195	91.6
392.542	90.2
392.890	91.3
393.237	91.3
393.585	92.0
393.933	93.8
394.281	91.7
394.628	93.8
394.976	93.8
395.324	93.0
395.672	93.2
396.020	92.8
396.368	90.0
396.716	92.2
397.064	93.5
397.412	94.2
397.760	93.4
398.108	92.1
398.456	95.1
398.804	95.0
399.152	92.8
399.500	93.6
399.849	95.5
400.197	92.1
400.545	94.3
400.893	95.8
401.242	95.4
401.590	97.7
401.939	96.3
402.287	99.7
402.635	100.2
402.984	103.9
403.332	111.6
403.681	144.6
404.030	238.3
404.378	447.9
404.727	890.1
405.075	1699.4
405.424	1738.7
405.773	1072.7
406.122	234.4
406.470	103.9
406.819	101.0
407.168	110.6
407.517	125.7
407.866	165.7
408.215	237.1
408.564	235.4
408.913	172.2
409.262	105.6
409.611	95.5
409.960	94.4
410.309	94.7
410.658	97.1
411.007	95.4
411.357	96.0
411.706	97.6
412.055	95.8
412.404	94.2
412.754	92.2
413.103	93.0
413.452	94.4
413.802	91.0
414.151	91.2
414.501	91.9
414.850	92.6
415.200	92.4
415.549	93.1
415.899	92.0
416.248	90.2
416.598	92.3
416.948	90.7
417.297	92.6
417.647	89.6
417.997	92.7
418.347	91.2
418.697	89.6
419.046	94.1
419.396	95.3
419.746	94.3
420.096	96.1
420.446	95.2
420.796	93.6
421.146	94.5
421.496	97.1
421.846	94.9
422.196	98.2
422.546	97.5
422.897	98.9
423.247	97.4
423.597	98.0
423.947	99.0
424.298	99.2
424.648	97.4
424.998	96.0
425.349	98.3
425.699	97.9
426.049	100.8
426.400	101.8
426.750	102.0
427.101	101.1
427.451	102.5
427.802	104.2
428.153	102.2
428.503	102.5
428.854	105.3
429.205	104.8
429.555	108.6
429.906	107.8
430.257	108.4
430.608	113.3
430.958	110.6
431.309	112.7
431.660	113.3
432.011	114.0
432.362	115.6
432.713	118.1
433.064	120.7
433.415	125.3
433.766	129.0
434.117	143.5
434.468	168.0
434.819	204.5
435.171	307.4
435.522	613.5
435.873	1414.5
436.224	2873.5
436.576	2946.3
436.927	1793.5
437.278	344.7
437.630	128.1
437.981	117.7
438.333	114.5
438.684	111.9
439.035	110.2
439.387	110.8
439.739	109.4
440.090	108.6
440.442	108.1
440.793	108.7
441.145	107.5
441.497	107.3
441.848	110.1
442.200	107.2
442.552	107.3
442.904	110.2
443.256	105.7
443.607	107.0
443.959	106.7
444.311	108.3
444.663	107.2
445.015	106.0
445.367	107.4
445.719	107.5
446.071	108.2
446.423	107.8
446.776	107.0
447.128	108.8
447.480	105.7
447.832	105.2
448.184	107.7
448.537	107.7
448.889	106.1
449.241	108.2
449.594	106.6
449.946	108.2
450.298	108.7
450.651	106.2
451.003	105.7
451.356	106.8
451.708	107.3
452.061	104.7
452.413	105.7
452.766	103.9
453.119	109.9
453.471	106.2
453.824	109.5
454.177	108.8
454.529	106.5
454.882	107.8
455.235	108.0
455.588	107.1
455.941	106.8
456.294	107.2
456.647	105.9
456.999	104.9
457.352	107.0
457.705	108.4
458.058	105.8
458.412	107.2
458.765	107.3
459.118	105.9
459.471	105.6
459.824	104.1
460.177	106.3
460.530	107.2
460.884	107.1
461.237	105.4
461.590	105.6
461.944	105.3
462.297	106.1
462.650	105.1
463.004	107.4
463.357	107.5
463.711	105.8
464.064	104.5
464.418	105.1
464.771	106.6
465.125	105.8
465.479	108.0
465.832	104.2
466.186	103.8
466.540	106.1
466.893	105.8
467.247	105.7
467.601	105.0
467.955	105.0
468.309	106.2
468.662	106.3
469.016	104.9
469.370	104.9
469.724	107.6
470.078	105.7
470.432	106.9
470.786	102.8
471.140	103.0
471.494	106.1
471.849	104.7
472.203	104.6
472.557	105.7
472.911	102.9
473.265	103.6
473.620	103.6
473.974	105.0
474.328	102.7
474.682	104.4
475.037	102.7
475.391	102.8
475.746	105.6
476.100	104.1
476.455	102.3
476.809	104.9
477.164	102.9
477.518	103.2
477.873	105.0
478.227	105.0
478.582	103.5
478.937	102.8
479.291	104.6
479.646	104.9
480.001	102.3
480.356	105.2
480.711	104.9
481.065	105.0
481.420	103.8
481.775	106.0
482.130	107.8
482.485	108.8
482.840	108.3
483.195	110.4
483.550	113.3
483.905	114.0
484.260	115.0
484.615	121.2
484.970	123.4
485.326	126.6
485.681	129.7
486.036	134.6
486.391	134.7
486.747	136.5
487.102	140.9
487.457	141.2
487.813	138.1
488.168	138.8
488.523	137.2
488.879	136.8
489.234	135.0
489.590	136.0
489.945	136.7
490.301	131.7
490.656	131.7
491.012	131.3
491.368	132.0
491.723	141.1
492.079	150.9
492.435	146.0
492.791	133.7
493.146	123.6
493.502	124.1
493.858	122.5
494.214	121.0
494.570	122.7
494.926	119.6
495.281	116.7
495.637	116.8
495.993	117.4
496.349	117.9
496.705	116.8
497.062	115.5
497.418	114.5
497.774	114.1
498.130	113.2
498.486	115.8
498.842	110.3
499.199	109.4
499.555	109.4
499.911	106.5
500.267	106.6
500.624	106.5
500.980	103.2
501.337	102.5
501.693	102.0
502.049	101.8
502.406	101.7
502.762	100.9
503.119	100.5
503.475	98.5
503.832	100.4
504.189	98.8
504.545	98.0
504.902	98.8
505.259	99.5
505.615	96.9
505.972	98.6
506.329	95.8
506.686	96.8
507.043	95.8
507.399	96.9
507.756	96.7
508.113	95.8
508.470	95.9
508.827	95.9
509.184	96.8
509.541	93.8
509.898	100.2
510.255	95.2
510.612	95.9
510.969	95.1
511.327	96.3
511.684	96.2
512.041	96.7
512.398	98.2
512.755	94.8
513.113	97.4
513.470	95.0
513.827	96.6
514.185	95.8
514.542	98.1
514.900	96.8
515.257	95.4
515.614	94.6
515.972	96.6
516.329	96.0
516.687	94.4
517.045	96.1
517.402	96.3
517.760	96.6
518.117	95.3
518.475	93.8
518.833	94.7
519.191	96.3
519.548	94.1
519.906	93.5
520.264	95.3
520.622	94.2
520.980	94.0
521.338	96.6
521.695	96.0
522.053	94.8
522.411	94.7
522.769	95.0
523.127	92.8
523.485	94.1
523.844	95.9
524.202	95.3
524.560	95.0
524.918	94.5
525.276	95.3
525.634	95.9
525.993	96.0
526.351	95.6
526.709	94.0
527.067	93.2
527.426	95.3
527.784	94.7
528.143	99.3
528.501	95.7
528.859	96.6
529.218	94.9
529.576	94.9
529.935	95.5
530.293	95.7
530.652	96.1
531.011	95.9
531.369	96.6
531.728	97.5
532.087	95.4
532.445	95.6
532.804	98.6
533.163	99.2
533.522	100.6
533.880	101.6
534.239	100.7
534.598	100.8
534.957	98.8
535.316	102.0
535.675	103.4
536.034	102.7
536.393	103.2
536.752	102.9
537.111	106.4
537.470	104.8
537.829	108.2
538.188	110.7
538.547	115.9
538.907	117.0
539.266	124.7
539.625	127.6
539.984	132.3
540.344	142.7
540.703	153.0
541.062	162.7
541.422	175.4
541.781	203.2
542.140	234.0
542.500	263.5
542.859	281.4
543.219	281.7
543.578	280.7
543.938	285.2
544.297	291.9
544.657	293.7
545.017	300.1
545.376	361.6
545.736	769.0
546.096	2266.1
546.455	3902.0
546.815	3819.6
547.175	2162.1
547.535	364.7
547.895	185.9
548.254	167.1
548.614	160.1
548.974	158.4
549.334	158.0
549.694	158.3
550.054	150.9
550.414	145.8
550.774	141.0
551.134	135.1
551.494	134.2
551.854	133.0
552.215	129.9
552.575	133.2
552.935	128.0
553.295	127.4
553.655	125.0
554.016	116.2
554.376	113.2
554.736	110.5
555.097	105.3
555.457	104.2
555.817	104.5
556.178	100.1
556.538	100.8
556.899	100.5
557.259	98.8
557.620	98.4
557.980	95.1
558.341	98.0
558.701	98.2
559.062	96.3
559.423	94.9
559.783	97.4
560.144	96.2
560.505	96.1
560.866	95.8
561.226	96.8
561.587	95.4
561.948	93.9
562.309	93.6
562.670	95.6
563.031	96.3
563.391	96.6
563.752	96.1
564.113	97.9
564.474	94.7
564.835	95.3
565.197	95.4
565.558	95.7
565.919	95.2
566.280	96.7
566.641	93.8
567.002	96.1
567.363	95.1
567.725	96.2
568.086	96.8
568.447	96.2
568.808	94.2
569.170	96.8
569.531	96.8
569.893	95.0
570.254	97.1
570.615	97.1
570.977	97.9
571.338	96.9
571.700	98.1
572.061	96.8
572.423	97.8
572.785	100.1
573.146	100.8
573.508	100.1
573.869	100.2
574.231	101.5
574.593	104.1
574.955	105.6
575.316	109.8
575.678	110.5
576.040	119.5
576.402	163.3
576.764	396.1
577.126	925.2
577.487	1223.7
577.849	920.8
578.211	350.4
578.573	207.9
578.935	481.4
579.297	1040.4
579.659	1206.0
580.022	831.0
580.384	270.2
580.746	142.6
581.108	133.5
581.470	128.2
581.832	124.3
582.195	122.7
582.557	124.9
582.919	129.2
583.281	134.9
583.644	139.0
584.006	144.5
584.368	144.7
584.731	140.8
585.093	138.6
585.456	133.9
585.818	130.2
586.181	128.5
586.543	130.4
586.906	131.5
587.268	139.4
587.631	151.4
587.994	154.6
588.356	145.8
588.719	136.6
589.082	131.6
589.445	126.4
589.807	121.5
590.170	121.8
590.533	123.9
590.896	120.6
591.259	118.8
591.621	115.6
591.984	116.5
592.347	116.9
592.710	119.5
593.073	122.1
593.436	126.2
593.799	126.0
594.162	120.1
594.525	112.0
594.888	110.9
595.252	104.1
595.615	102.4
595.978	100.8
596.341	102.6
596.704	101.8
597.068	101.2
597.431	101.8
597.794	102.0
598.157	102.7
598.521	103.0
598.884	105.3
599.248	108.7
599.611	111.7
599.974	111.6
600.338	112.1
600.701	108.6
601.065	104.0
601.428	103.1
601.792	100.4
602.156	104.1
602.519	98.5
602.883	100.9
603.247	98.0
603.610	99.3
603.974	99.9
604.338	100.1
604.701	97.5
605.065	99.9
605.429	99.2
605.793	102.0
606.157	101.3
606.521	100.0
606.885	102.8
607.248	103.0
607.612	104.3
607.976	105.3
608.340	106.9
608.704	110.6
609.069	112.3
609.433	117.5
609.797	126.3
610.161	139.4
610.525	165.3
610.889	208.9
611.253	293.1
611.618	368.1
611.982	374.0
612.346	305.6
612.710	231.0
613.075	191.3
613.439	177.4
613.803	169.1
614.168	164.8
614.532	160.9
614.897	158.6
615.261	155.1
615.626	145.8
615.990	138.4
616.355	129.3
616.719	123.5
617.084	118.9
617.448	117.7
617.813	117.4
618.178	116.8
618.542	116.6
618.907	119.0
619.272	117.6
619.637	120.4
620.001	122.6
620.366	124.0
620.731	127.1
621.096	128.3
621.461	124.4
621.826	125.9
622.190	124.8
622.555	122.3
622.920	120.3
623.285	118.2
623.650	120.5
624.015	120.3
624.380	119.9
624.746	116.9
625.111	114.7
625.476	116.9
625.841	115.2
626.206	112.9
626.571	110.5
626.937	109.2
627.302	107.9
627.667	108.8
628.032	108.4
628.398	108.8
628.763	107.9
629.128	106.6
629.494	110.0
629.859	109.4
630.225	113.6
630.590	118.2
630.956	122.6
631.321	127.8
631.687	125.9
632.052	119.3
632.418	109.4
632.783	105.0
633.149	101.3
633.515	100.4
633.880	96.9
634.246	98.5
634.612	95.5
634.978	98.4
635.343	97.7
635.709	97.4
636.075	97.1
636.441	95.4
636.807	99.9
637.173	97.8
637.538	95.1
637.904	94.8
638.270	96.8
638.636	95.7
639.002	96.0
639.368	95.6
639.734	94.4
640.101	95.4
640.467	94.5
640.833	97.1
641.199	96.0
641.565	96.3
641.931	98.4
642.297	96.2
642.664	95.0
643.030	93.7
643.396	95.3
643.763	93.6
644.129	94.0
644.495	96.3
644.862	95.4
645.228	96.9
645.594	94.7
645.961	96.5
646.327	96.0
646.694	94.4
647.060	95.1
647.427	96.4
647.793	95.3
648.160	95.4
648.527	93.8
648.893	97.5
649.260	94.9
649.627	99.4
649.993	97.6
650.360	100.1
650.727	103.0
651.094	102.2
651.460	100.8
651.827	98.5
652.194	96.9
652.561	97.0
652.928	95.6
653.295	99.9
653.662	96.1
654.029	99.0
654.396	97.5
654.763	98.5
655.130	97.3
655.497	95.6
655.864	95.6
656.231	97.3
656.598	95.2
656.965	95.5
657.332	95.7
657.699	95.6
658.067	95.5
658.434	95.1
658.801	97.0
659.168	96.0
659.536	96.4
659.903	93.9
660.270	94.6
660.638	97.6
661.005	93.7
661.373	94.6
661.740	97.0
662.108	99.1
662.475	97.6
662.843	100.4
663.210	100.3
663.578	98.3
663.945	96.9
664.313	96.7
664.680	96.5
665.048	95.6
665.416	95.8
665.783	98.3
666.151	97.1
666.519	95.1
666.887	95.5
667.254	94.1
667.622	96.3
667.990	96.8
668.358	97.7
668.726	97.0
669.094	97.1
669.462	95.9
669.830	96.8
670.197	96.8
670.565	93.5
670.933	96.3
671.302	96.8
671.670	96.4
672.038	95.8
672.406	97.5
672.774	94.7
673.142	95.5
673.510	97.5
673.878	94.7
674.247	95.5
674.615	96.2
674.983	95.5
675.351	94.7
675.720	93.5
676.088	95.1
676.456	94.4
676.825	95.0
677.193	94.2
677.561	97.4
677.930	96.1
678.298	95.9
678.667	98.2
679.035	94.8
679.404	97.9
679.772	95.4
680.141	98.5
680.510	95.4
680.878	93.9
681.247	95.9
681.616	95.4
681.984	95.5
682.353	95.5
682.722	97.1
683.090	95.3
683.459	95.2
683.828	95.8
684.197	98.0
684.566	94.8
684.934	94.1
685.303	96.2
685.672	94.1
686.041	94.4
686.410	95.7
686.779	95.3
687.148	96.1
687.517	97.2
687.886	97.8
688.255	97.8
688.624	97.5
688.993	95.4
689.363	98.0
689.732	95.0
690.101	93.7
690.470	99.6
690.839	108.2
691.208	109.9
691.578	104.1
691.947	98.9
692.316	96.2
692.686	95.7
693.055	96.5
693.424	97.6
693.794	97.3
694.163	98.2
694.533	98.6
694.902	97.1
695.272	94.2
695.641	94.1
696.011	96.4
696.380	96.0
696.750	96.3
697.119	96.4
697.489	97.2
697.859	95.1
698.228	96.6
698.598	95.6
698.968	97.0
699.337	96.0
699.707	96.5
700.077	95.6
700.447	94.0
700.816	96.7
701.186	97.7
701.556	97.0
701.926	96.1
702.296	97.6
702.666	96.1
703.036	95.8
703.406	97.1
703.776	98.5
704.146	96.1
704.516	99.0
704.886	97.8
705.256	98.5
705.626	102.4
705.996	98.3
706.366	101.9
706.736	106.3
707.106	106.1
707.477	107.0
707.847	107.9
708.217	109.0
708.587	107.8
708.958	112.8
709.328	113.7
709.698	113.1
710.069	105.8
710.439	101.0
710.809	99.9
711.180	100.9
711.550	101.3
711.921	103.9
712.291	107.4
712.662	109.5
713.032	109.3
713.403	105.7
713.773	101.2
714.144	98.6
714.515	100.5
714.885	97.9
715.256	98.0
715.627	99.8
715.997	98.6
716.368	98.6
716.739	95.6
717.109	98.6
717.480	95.6
717.851	97.3
718.222	97.5
718.593	98.4
718.964	98.4
719.334	96.0
719.705	98.4
720.076	97.6
720.447	99.1
720.818	97.0
721.189	99.9
721.560	97.5
721.931	98.1
722.302	98.5
722.673	99.5
723.045	97.6
723.416	96.4
723.787	98.6
724.158	98.4
724.529	97.2
724.900	97.1
725.272	97.5
725.643	96.6
726.014	96.4
726.385	98.9
726.757	97.6
727.128	98.6
727.499	98.5
727.871	98.8
728.242	98.9
728.614	98.2
728.985	96.3
729.357	97.2
729.728	99.8
730.100	97.8
730.471	97.9
730.843	97.3
731.214	96.9
731.586	99.7
731.957	98.3
732.329	100.4
732.701	100.9
733.072	96.5
733.444	97.1
733.816	97.7
734.187	98.8
734.559	97.3
734.931	99.4
735.303	98.2
735.675	97.6
736.046	100.1
736.418	97.9
736.790	99.6
737.162	99.7
737.534	98.8
737.906	99.4
738.278	97.6
738.650	100.4
739.022	99.9
739.394	100.1
739.766	97.6
740.138	98.4
740.510	98.7
740.882	99.4
741.254	98.1
741.627	98.1
741.999	100.3
742.371	98.6
742.743	100.3
743.115	98.6
743.488	102.6
743.860	100.8
744.232	100.6
744.605	100.0
744.977	99.7
745.349	100.6
745.722	99.3
746.094	98.7
746.466	99.3
746.839	101.8
747.211	98.0
747.584	98.5
747.956	99.2
748.329	100.5
748.701	100.0
749.074	100.1
749.447	97.6
749.819	97.3
750.192	98.7
750.565	100.8
750.937	102.4
751.310	99.1
751.683	99.3
752.055	99.9
752.428	97.1
752.801	98.1
753.174	99.7
753.546	98.8
753.919	99.1
754.292	99.8
754.665	98.0
755.038	99.6
755.411	101.7
755.784	100.4
756.157	98.3
756.530	99.4
756.903	98.9
757.276	97.5
757.649	98.4
758.022	98.6
758.395	100.4
758.768	99.3
759.141	98.5
759.514	98.5
759.887	99.0
760.261	98.2
760.634	98.0
761.007	98.5
761.380	96.4
761.754	100.0
762.127	97.1
762.500	98.5
762.873	97.0
763.247	98.7
763.620	99.3
763.994	100.8
764.367	98.5
764.740	98.2
765.114	97.3
765.487	96.9
765.861	101.4
766.234	98.7
766.608	96.5
766.981	96.2
767.355	100.8
767.729	98.5
768.102	97.5
768.476	97.1
768.849	99.0
769.223	99.7
769.597	95.7
769.970	99.3
770.344	97.3
770.718	97.7
771.092	96.1
771.466	97.7
771.839	97.5
772.213	98.3
772.587	98.2
772.961	100.5
773.335	98.9
773.709	97.8
774.083	97.8
774.457	98.1
774.831	97.8
775.204	97.2
775.579	100.3
775.953	97.0
776.327	96.6
776.701	97.7
777.075	97.6
777.449	98.7
777.823	99.2
778.197	98.0
778.571	96.9
778.945	97.3
779.320	100.4
779.694	98.2
780.068	99.7
780.442	97.9
780.817	98.7
781.191	98.5
781.565	97.4
781.940	99.4
782.314	98.9
782.688	100.2
783.063	98.1
783.437	100.6
783.812	96.3
784.186	97.9
784.561	98.0
784.935	99.2
785.310	97.5
785.684	99.3
786.059	98.1
786.433	100.3
786.808	97.6
787.183	97.3
787.557	99.0
787.932	96.4
788.307	98.9
788.681	97.2
789.056	98.1
789.431	99.7
789.806	98.2
790.180	98.1
790.555	97.3
790.930	98.2
791.305	99.8
791.680	98.3
792.054	99.3
792.429	97.1
792.804	96.9
793.179	97.2
793.554	96.7
793.929	99.4
794.304	100.1
794.679	97.2
795.054	97.5
795.429	97.1
795.804	98.2
796.179	98.0
796.555	100.1
796.930	96.6
797.305	95.7
797.680	97.9
798.055	98.3
798.430	97.6
798.806	95.9
799.181	96.1
799.556	97.7
799.931	99.0
800.307	97.4
800.682	97.0
801.057	97.1
801.433	96.9
801.808	96.9
802.184	97.8
802.559	96.0
802.934	96.5
803.310	100.0
803.685	97.0
804.061	96.2
804.436	95.1
804.812	97.9
805.187	97.8
805.563	95.2
805.939	97.1
806.314	97.8
806.690	98.1
807.065	96.7
807.441	98.6
807.817	96.2
808.193	96.2
808.568	98.7
808.944	99.0
809.320	94.9
809.696	95.4
810.071	96.9
810.447	98.5
810.823	98.4
811.199	99.3
811.575	101.2
811.951	98.5
812.327	98.1
812.703	97.5
813.079	96.6
813.454	96.6
813.830	99.4
814.206	96.5
814.583	96.3
814.959	94.7
815.335	99.2
815.711	97.8
816.087	96.7
816.463	97.2
816.839	98.1
817.215	97.5
817.591	95.7
817.968	96.7
818.344	98.8
818.720	96.3
819.096	97.5
819.473	96.7
819.849	99.6
820.225	98.6
820.602	96.8
820.978	99.4
821.354	98.8
821.731	97.0
822.107	99.5
822.484	97.6
822.860	96.7
823.236	98.5
823.613	98.0
823.989	97.8
824.366	98.7
824.743	98.6
825.119	97.7
825.496	97.0
825.872	98.2
826.249	97.8
826.626	96.6
827.002	95.4
827.379	99.4
827.756	100.6
828.132	98.0
828.509	99.1
828.886	97.6
829.262	96.0
829.639	97.5
830.016	98.5
830.393	97.7
830.770	99.6
831.147	97.8
831.523	96.4
831.900	97.9
832.277	97.3
832.654	98.4
833.031	96.9
833.408	97.3
833.785	99.1
834.162	98.6
834.539	99.5
834.916	97.6
835.293	97.0
835.670	98.5
836.047	97.9
836.425	98.8
836.802	97.4
837.179	98.9
837.556	95.9
837.933	97.2
838.310	97.8
838.688	96.7
839.065	95.9
839.442	99.6
839.819	95.5
840.197	98.8
840.574	97.1
840.951	98.7
841.329	97.9
841.706	99.0
842.083	96.3
842.461	96.7
842.838	97.8
843.216	96.7
843.593	97.7
843.971	97.8
844.348	98.9
844.726	97.1
845.103	96.6
845.481	97.5
845.858	95.9
846.236	96.1
846.614	97.5
846.991	98.1
847.369	94.8
847.747	97.5
848.124	98.6
848.502	96.2
848.880	94.2
849.257	97.0
849.635	98.6
850.013	95.8
850.391	96.6
850.768	97.0
851.146	96.3
851.524	99.4
851.902	98.0
852.280	96.4
852.658	97.5
853.036	97.7
853.414	96.9
853.792	97.1
854.170	98.3
854.548	97.1
854.926	97.4
855.304	94.3
855.682	96.3
856.060	98.5
856.438	96.5
856.816	97.0
857.194	96.3
857.572	96.0
857.950	98.3
858.328	97.8
858.707	96.9
859.085	96.9
859.463	98.9
859.841	96.9
860.220	96.3
860.598	95.8
860.976	97.9
861.354	96.6
861.733	97.9
862.111	99.0
862.489	98.1
862.868	96.3
863.246	98.4
863.625	100.8
864.003	99.2
864.382	98.3
864.760	98.0
865.139	98.8
865.517	99.2
865.896	97.9
866.274	99.0
866.653	96.5
867.031	96.8
867.410	98.6
867.788	97.3
868.167	99.8
868.546	97.8
868.924	96.1
869.303	98.4
869.682	96.3
870.061	95.9
870.439	98.8
870.818	98.4
871.197	98.6
871.576	98.4
871.954	95.7
872.333	97.7
872.712	95.0
873.091	97.2
873.470	97.7
873.849	97.0
874.228	97.6
874.606	96.6
874.985	97.2
875.364	96.2
875.743	101.8
876.122	97.2
876.501	96.8
876.880	97.2
877.259	96.9
877.639	97.8
878.018	96.8
878.397	98.6
878.776	98.8
879.155	96.3
879.534	97.3
879.913	96.6
880.293	99.6
880.672	96.4
881.051	97.0
881.430	97.2
881.809	96.1
882.189	98.3
882.568	98.7
882.947	97.9
883.327	98.1
883.706	98.2
884.085	97.2
884.465	96.7
884.844	98.0
885.224	95.7
885.603	96.9
885.982	96.4
886.362	98.1
886.741	96.5
887.121	96.9
887.500	95.7
887.880	96.7
888.259	98.8
888.639	95.4
889.019	98.5
889.398	98.1
889.778	98.1
890.157	98.4
890.537	97.9
890.917	95.5
891.296	98.5
891.676	96.3
892.056	96.3
892.436	98.5
892.815	98.7
893.195	98.9
893.575	96.1
893.955	95.5
894.335	97.6
894.714	96.3
895.094	97.6
895.474	98.1
895.854	96.1
896.234	98.7
896.614	97.5
896.994	98.2
897.374	97.1
897.754	97.0
898.134	98.8
898.514	98.3
898.894	97.2
899.274	96.7
899.654	95.6
900.034	96.8
900.414	96.5
900.794	95.7
901.174	98.7
901.554	97.5
901.935	96.8
902.315	96.7
902.695	98.0
903.075	96.9
903.455	99.2
903.836	98.1
904.216	96.4
904.596	98.5
904.977	98.5
905.357	98.2
905.737	97.1
