175.633	74.0
175.959	72.9
176.286	73.1
176.612	73.7
176.939	73.5
177.265	76.0
177.592	75.3
177.919	73.8
178.245	75.9
178.572	76.3
178.899	71.8
179.226	76.5
179.553	77.0
179.879	75.5
180.206	74.9
180.533	73.4
180.860	76.0
181.187	76.1
181.514	74.8
181.841	76.5
182.168	77.3
182.496	74.9
182.823	77.9
183.150	74.5
183.477	76.2
183.805	77.3
184.132	78.3
184.459	76.7
184.787	75.7
185.114	78.1
185.442	78.7
185.769	77.8
186.097	78.3
186.424	81.5
186.752	79.9
187.079	81.1
187.407	78.4
187.735	80.6
188.063	77.8
188.390	78.9
188.718	78.2
189.046	76.9
189.374	77.6
189.702	79.3
190.030	79.1
190.358	77.8
190.686	75.6
191.014	76.7
191.342	79.6
191.670	76.9
191.999	79.6
192.327	77.7
192.655	79.4
192.983	80.9
193.312	82.1
193.640	81.0
193.968	80.0
194.297	78.9
194.625	78.6
194.954	79.5
195.282	81.4
195.611	82.9
195.940	83.3
196.268	79.9
196.597	81.0
196.926	83.2
197.254	81.9
197.583	82.4
197.912	83.7
198.241	81.9
198.570	78.7
198.899	80.8
199.228	82.3
199.557	77.9
199.886	80.9
200.215	78.3
200.544	82.2
200.873	82.5
201.202	82.4
201.531	78.6
201.861	84.0
202.190	83.0
202.519	82.7
202.849	81.3
203.178	81.0
203.507	85.7
203.837	83.2
204.166	83.4
204.496	83.8
204.826	85.0
205.155	82.3
205.485	85.3
205.814	86.2
206.144	83.8
206.474	85.5
206.804	82.9
207.133	82.0
207.463	84.2
207.793	84.1
208.123	86.4
208.453	87.5
208.783	83.8
209.113	83.7
209.443	86.4
209.773	84.1
210.103	84.7
210.433	85.1
210.764	84.1
211.094	83.7
211.424	85.0
211.754	84.8
212.085	85.0
212.415	88.2
212.746	78.9
213.076	80.0
213.407	80.6
213.737	86.0
214.068	84.2
214.398	86.0
214.729	84.2
215.059	80.9
215.390	84.3
215.721	79.0
216.052	81.0
216.382	81.9
216.713	80.1
217.044	82.5
217.375	83.0
217.706	81.2
218.037	82.1
218.368	81.2
218.699	83.3
219.030	82.1
219.361	83.1
219.692	83.1
220.023	83.3
220.355	83.8
220.686	84.3
221.017	82.7
221.348	82.1
221.680	81.0
222.011	82.2
222.343	81.6
222.674	83.5
223.006	86.3
223.337	87.4
223.669	83.9
224.000	82.3
224.332	83.4
224.663	83.8
224.995	83.5
225.327	84.5
225.659	82.2
225.990	85.2
226.322	84.9
226.654	84.7
226.986	85.6
227.318	86.8
227.650	87.1
227.982	85.7
228.314	82.3
228.646	86.0
228.978	83.6
229.310	86.8
229.642	86.7
229.975	85.0
230.307	82.8
230.639	83.3
230.972	83.8
231.304	84.7
231.636	84.0
231.969	85.3
232.301	83.5
232.634	82.6
232.966	83.8
233.299	85.4
233.631	87.2
233.964	86.0
234.297	87.3
234.629	84.9
234.962	82.9
235.295	87.6
235.628	84.5
235.960	85.2
236.293	86.1
236.626	85.2
236.959	86.5
237.292	87.6
237.625	84.5
237.958	88.7
238.291	85.1
238.624	87.1
238.957	85.0
239.291	86.0
239.624	85.0
239.957	86.6
240.290	84.3
240.624	88.0
240.957	85.5
241.290	84.6
241.624	87.4
241.957	84.2
242.291	86.6
242.624	85.3
242.958	86.4
243.291	86.9
243.625	86.5
243.959	89.1
244.292	89.1
244.626	88.8
244.960	87.2
245.293	84.5
245.627	85.3
245.961	88.0
246.295	86.9
246.629	91.2
246.963	83.9
247.297	86.9
247.631	85.8
247.965	84.9
248.299	86.2
248.633	85.7
248.967	86.8
249.302	85.4
249.636	85.8
249.970	86.1
250.304	85.1
250.639	85.2
250.973	85.6
251.307	88.1
251.642	87.5
251.976	90.6
252.311	86.5
252.645	88.5
252.980	89.2
253.314	88.1
253.649	87.8
253.984	85.2
254.318	85.2
254.653	87.7
254.988	87.8
255.323	85.6
255.658	85.7
255.992	87.9
256.327	86.8
256.662	86.5
256.997	84.8
257.332	86.2
257.667	84.9
258.002	87.5
258.338	86.4
258.673	86.7
259.008	84.0
259.343	88.5
259.678	85.0
260.014	86.9
260.349	85.0
260.684	87.5
261.020	86.5
261.355	87.6
261.690	85.7
262.026	90.6
262.361	84.7
262.697	86.4
263.032	85.2
263.368	88.1
263.704	86.8
264.039	88.5
264.375	85.6
264.711	87.3
265.047	83.0
265.382	85.9
265.718	90.6
266.054	85.9
266.390	90.1
266.726	88.1
267.062	88.2
267.398	88.4
267.734	85.9
268.070	87.9
268.406	88.8
268.742	87.5
269.079	87.8
269.415	90.1
269.751	87.5
270.087	87.1
270.424	86.6
270.760	88.3
271.096	82.9
271.433	86.1
271.769	86.7
272.106	87.8
272.442	85.5
272.779	89.9
273.115	86.9
273.452	87.7
273.789	89.7
274.125	84.5
274.462	86.9
274.799	88.0
275.135	89.2
275.472	86.4
275.809	85.5
276.146	88.2
276.483	87.7
276.820	87.8
277.157	87.8
277.494	86.5
277.831	86.9
278.168	86.8
278.505	85.6
278.842	86.3
279.179	85.0
279.516	89.9
279.854	86.7
280.191	87.8
280.528	85.9
280.866	86.1
281.203	87.4
281.540	88.4
281.878	87.3
282.215	87.2
282.553	88.1
282.890	87.9
283.228	87.5
283.566	90.5
283.903	90.2
284.241	89.9
284.579	89.8
284.916	89.4
285.254	87.5
285.592	88.2
285.930	88.9
286.268	90.4
286.605	87.8
286.943	91.3
287.281	90.6
287.619	89.1
287.957	84.7
288.295	89.5
288.633	86.9
288.972	88.9
289.310	88.4
289.648	89.8
289.986	91.5
290.324	91.0
290.663	88.8
291.001	89.5
291.339	89.9
291.678	90.7
292.016	87.2
292.355	88.1
292.693	88.6
293.032	88.7
293.370	88.3
293.709	88.0
294.047	88.3
294.386	87.1
294.725	86.6
295.063	89.0
295.402	88.6
295.741	87.6
296.080	86.7
296.419	89.4
296.758	89.8
297.096	88.3
297.435	86.0
297.774	89.6
298.113	91.2
298.452	90.8
298.791	90.5
299.131	91.2
299.470	89.1
299.809	91.9
300.148	88.9
300.487	89.6
300.827	90.0
301.166	88.2
301.505	90.5
301.845	90.3
302.184	87.7
302.523	89.0
302.863	88.0
303.202	89.7
303.542	86.9
303.881	89.0
304.221	89.6
304.561	91.7
304.900	89.2
305.240	92.3
305.580	91.4
305.920	89.9
306.259	89.2
306.599	90.7
306.939	89.2
307.279	89.9
307.619	91.0
307.959	91.0
308.299	88.5
308.639	89.0
308.979	91.2
309.319	88.5
309.659	89.3
309.999	88.6
310.339	90.3
310.679	92.0
311.020	90.2
311.360	90.3
311.700	89.1
312.041	86.6
312.381	88.9
312.721	88.6
313.062	89.7
313.402	89.9
313.743	85.9
314.083	90.7
314.424	85.4
314.764	88.1
315.105	89.1
315.446	88.2
315.786	87.1
316.127	87.9
316.468	87.2
316.809	90.9
317.149	88.3
317.490	88.6
317.831	87.8
318.172	88.8
318.513	90.0
318.854	89.6
319.195	87.8
319.536	90.1
319.877	91.1
320.218	92.7
320.559	91.6
320.901	89.4
321.242	87.3
321.583	88.5
321.924	90.7
322.266	89.7
322.607	89.3
322.948	90.1
323.290	91.3
323.631	93.6
323.972	91.9
324.314	90.9
324.655	91.1
324.997	91.0
325.339	92.6
325.680	92.0
326.022	88.7
326.364	89.7
326.705	90.2
327.047	91.4
327.389	86.4
327.731	88.8
328.072	87.7
328.414	88.8
328.756	89.1
329.098	88.8
329.440	89.9
329.782	89.8
330.124	88.6
330.466	89.7
330.808	92.9
331.150	90.7
331.492	85.8
331.835	90.5
332.177	89.6
332.519	89.3
332.861	87.6
333.204	86.9
333.546	84.7
333.888	87.4
334.231	86.0
334.573	86.5
334.916	88.6
335.258	88.2
335.601	89.3
335.943	87.8
336.286	86.1
336.628	87.1
336.971	87.1
337.314	90.7
337.657	90.3
337.999	92.3
338.342	90.9
338.685	89.1
339.028	91.4
339.371	90.0
339.714	88.3
340.056	90.9
340.399	87.2
340.742	87.6
341.085	85.8
341.429	85.9
341.772	90.5
342.115	85.7
342.458	88.8
342.801	89.3
343.144	85.6
343.488	88.2
343.831	89.3
344.174	88.1
344.517	89.2
344.861	90.1
345.204	93.1
345.548	88.0
345.891	90.1
346.235	88.3
346.578	85.9
346.922	87.3
347.265	87.6
347.609	87.4
347.953	87.2
348.296	87.7
348.640	89.1
348.984	88.5
349.328	89.6
349.671	92.1
350.015	88.5
350.359	88.7
350.703	89.0
351.047	90.0
351.391	87.4
351.735	86.5
352.079	86.2
352.423	85.5
352.767	89.2
353.111	89.8
353.455	88.2
353.800	86.3
354.144	88.4
354.488	88.1
354.832	89.2
355.177	88.1
355.521	86.6
355.865	87.6
356.210	88.2
356.554	89.9
356.899	91.8
357.243	92.2
357.588	90.2
357.932	90.0
358.277	86.1
358.621	88.2
358.966	87.8
359.311	92.4
359.655	90.8
360.000	91.1
360.345	90.1
360.690	89.1
361.035	86.3
361.379	88.8
361.724	89.3
362.069	87.4
362.414	85.1
362.759	87.1
363.104	90.0
363.449	88.3
363.794	89.3
364.139	86.7
364.485	86.3
364.830	88.3
365.175	89.8
365.520	94.1
365.865	93.2
366.211	92.0
366.556	87.1
366.901	87.9
367.247	85.5
367.592	85.7
367.938	86.7
368.283	87.8
368.629	87.6
368.974	88.0
369.320	87.2
369.665	85.2
370.011	87.7
370.357	85.9
370.702	85.8
371.048	86.9
371.394	86.1
371.740	88.4
372.085	85.1
372.431	85.7
372.777	88.3
373.123	86.3
373.469	87.3
373.815	89.2
374.161	85.1
374.507	87.7
374.853	91.5
375.199	86.9
375.545	87.2
375.891	88.4
376.238	88.5
376.584	85.7
376.930	88.7
377.276	90.7
377.623	86.7
377.969	88.0
378.315	89.0
378.662	87.6
379.008	88.8
379.355	91.4
379.701	91.0
380.048	93.4
380.394	89.1
380.741	90.0
381.087	90.7
381.434	87.2
381.781	87.7
382.127	87.7
382.474	87.3
382.821	90.7
383.168	90.4
383.514	91.1
383.861	91.0
384.208	93.5
384.555	89.8
384.902	90.0
385.249	87.6
385.596	90.4
385.943	86.6
386.290	88.9
386.637	88.9
386.984	90.4
387.331	86.5
387.679	89.6
388.026	91.3
388.373	90.9
388.720	89.3
389.068	85.5
389.415	89.0
389.762	88.1
390.110	88.5
390.457	90.4
390.804	88.2
391.152	88.9
391.499	86.9
391.847	87.0
392.195	88.8
392.542	89.0
392.890	90.2
393.237	87.9
393.585	89.8
393.933	90.2
394.281	90.1
394.628	92.1
394.976	91.5
395.324	91.3
395.672	90.8
396.020	90.2
396.368	86.5
396.716	87.8
397.064	90.8
397.412	90.8
397.760	88.2
398.108	86.5
398.456	88.0
398.804	87.6
399.152	85.1
399.500	87.1
399.849	88.9
400.197	87.1
400.545	87.1
400.893	87.8
401.242	88.4
401.590	89.6
401.939	87.3
402.287	89.6
402.635	87.7
402.984	90.5
403.332	88.4
403.681	90.8
404.030	90.7
404.378	99.7
404.727	113.9
405.075	141.8
405.424	139.6
405.773	121.4
406.122	94.1
406.470	91.0
406.819	87.9
407.168	91.3
407.517	90.6
407.866	93.0
408.215	96.9
408.564	94.7
408.913	92.2
409.262	91.4
409.611	89.4
409.960	88.9
410.309	90.3
410.658	92.3
411.007	89.6
411.357	90.2
411.706	93.1
412.055	91.8
412.404	90.5
412.754	88.3
413.103	91.0
413.452	91.3
413.802	88.1
414.151	88.6
414.501	90.0
414.850	90.8
415.200	89.7
415.549	92.7
415.899	90.7
416.248	88.9
416.598	90.4
416.948	88.8
417.297	91.4
417.647	87.6
417.997	91.3
418.347	88.9
418.697	88.9
419.046	91.5
419.396	93.1
419.746	91.7
420.096	93.7
420.446	92.5
420.796	90.7
421.146	92.5
421.496	95.0
421.846	91.3
422.196	95.6
422.546	95.7
422.897	95.0
423.247	93.3
423.597	96.6
423.947	95.5
424.298	96.5
424.648	93.0
424.998	92.6
425.349	95.7
425.699	95.8
426.049	97.7
426.400	98.7
426.750	96.3
427.101	95.9
427.451	97.1
427.802	97.1
428.153	95.2
428.503	97.0
428.854	96.8
429.205	98.0
429.555	100.8
429.906	99.7
430.257	98.0
430.608	103.1
430.958	101.1
431.309	101.7
431.660	104.1
432.011	99.6
432.362	101.5
432.713	103.5
433.064	101.4
433.415	104.7
433.766	104.3
434.117	104.6
434.468	107.1
434.819	108.0
435.171	112.5
435.522	131.8
435.873	178.6
436.224	263.9
436.576	271.1
436.927	201.7
437.278	116.8
437.630	107.4
437.981	105.2
438.333	103.9
438.684	103.6
439.035	101.9
439.387	104.7
439.739	105.5
440.090	104.0
440.442	103.7
440.793	105.1
441.145	103.3
441.497	103.8
441.848	105.8
442.200	105.6
442.552	104.3
442.904	107.6
443.256	104.2
443.607	105.2
443.959	105.1
444.311	106.5
444.663	106.4
445.015	104.2
445.367	105.8
445.719	106.5
446.071	106.2
446.423	105.3
446.776	105.0
447.128	109.5
447.480	106.7
447.832	103.6
448.184	107.4
448.537	105.0
448.889	104.2
449.241	107.7
449.594	105.8
449.946	107.3
450.298	105.7
450.651	103.6
451.003	104.9
451.356	105.4
451.708	105.6
452.061	104.6
452.413	105.1
452.766	104.2
453.119	107.0
453.471	104.6
453.824	107.2
454.177	105.6
454.529	104.4
454.882	108.0
455.235	106.7
455.588	106.7
455.941	105.4
456.294	107.1
456.647	105.1
456.999	105.8
457.352	107.0
457.705	106.7
458.058	104.4
458.412	106.4
458.765	106.6
459.118	104.8
459.471	106.0
459.824	103.1
460.177	104.3
460.530	107.1
460.884	106.1
461.237	105.1
461.590	103.9
461.944	106.5
462.297	105.1
462.650	104.9
463.004	107.6
463.357	105.9
463.711	105.5
464.064	105.2
464.418	105.4
464.771	105.5
465.125	103.7
465.479	106.6
465.832	103.8
466.186	103.9
466.540	104.6
466.893	101.7
467.247	104.4
467.601	104.7
467.955	104.6
468.309	103.8
468.662	103.9
469.016	104.1
469.370	104.6
469.724	103.9
470.078	103.0
470.432	104.3
470.786	102.4
471.140	102.6
471.494	105.3
471.849	104.3
472.203	102.2
472.557	104.5
472.911	101.9
473.265	102.1
473.620	103.5
473.974	102.6
474.328	103.3
474.682	102.2
475.037	101.8
475.391	102.0
475.746	103.0
476.100	103.2
476.455	102.5
476.809	101.7
477.164	103.4
477.518	103.6
477.873	103.5
478.227	103.9
478.582	102.8
478.937	101.8
479.291	103.7
479.646	102.4
480.001	102.9
480.356	102.8
480.711	102.0
481.065	101.3
481.420	101.8
481.775	103.8
482.130	104.8
482.485	106.3
482.840	107.1
483.195	109.1
483.550	112.1
483.905	113.0
484.260	114.5
484.615	119.8
484.970	122.7
485.326	125.4
485.681	127.5
486.036	134.1
486.391	135.7
486.747	136.6
487.102	140.6
487.457	141.2
487.813	138.3
488.168	139.4
488.523	136.1
488.879	136.7
489.234	133.4
489.590	133.5
489.945	135.5
490.301	130.2
490.656	130.6
491.012	131.1
491.368	126.6
491.723	127.2
492.079	127.4
492.435	127.4
492.791	125.7
493.146	123.1
493.502	121.7
493.858	120.7
494.214	119.6
494.570	120.8
494.926	119.1
495.281	115.5
495.637	116.6
495.993	113.5
496.349	112.9
496.705	114.8
497.062	113.0
497.418	114.4
497.774	112.5
498.130	111.6
498.486	112.9
498.842	109.6
499.199	107.8
499.555	106.0
499.911	104.9
500.267	105.1
500.624	104.9
500.980	102.7
501.337	102.0
501.693	101.7
502.049	100.1
502.406	98.1
502.762	99.1
503.119	97.6
503.475	98.7
503.832	99.0
504.189	97.5
504.545	96.2
504.902	95.6
505.259	97.1
505.615	96.0
505.972	96.7
506.329	95.4
506.686	97.2
507.043	94.3
507.399	95.4
507.756	93.9
508.113	94.6
508.470	96.1
508.827	95.1
509.184	94.6
509.541	92.6
509.898	97.7
510.255	95.1
510.612	94.1
510.969	94.0
511.327	95.9
511.684	93.8
512.041	94.9
512.398	94.7
512.755	94.7
513.113	95.3
513.470	94.0
513.827	94.0
514.185	94.1
514.542	95.8
514.900	95.5
515.257	94.3
515.614	93.6
515.972	94.1
516.329	93.5
516.687	92.5
517.045	94.6
517.402	96.1
517.760	96.0
518.117	93.3
518.475	92.7
518.833	93.4
519.191	94.2
519.548	91.8
519.906	91.5
520.264	93.1
520.622	93.6
520.980	94.2
521.338	95.0
521.695	93.8
522.053	94.3
522.411	92.4
522.769	92.9
523.127	92.6
523.485	93.5
523.844	93.7
524.202	93.1
524.560	93.0
524.918	92.0
525.276	94.3
525.634	93.4
525.993	94.3
526.351	92.9
526.709	93.5
527.067	91.3
527.426	93.9
527.784	94.2
528.143	97.2
528.501	92.6
528.859	95.0
529.218	93.7
529.576	93.3
529.935	92.4
530.293	93.4
530.652	93.4
531.011	92.4
531.369	95.3
531.728	94.8
532.087	91.5
532.445	92.8
532.804	96.0
533.163	96.5
533.522	96.8
533.880	96.8
534.239	97.2
534.598	96.4
534.957	95.8
535.316	96.6
535.675	97.9
536.034	96.9
536.393	97.3
536.752	96.7
537.111	100.0
537.470	99.6
537.829	102.1
538.188	106.4
538.547	108.6
538.907	110.5
539.266	116.4
539.625	119.8
539.984	122.6
540.344	131.3
540.703	143.0
541.062	149.9
541.422	163.6
541.781	190.3
542.140	219.5
542.500	247.3
542.859	265.0
543.219	265.7
543.578	260.5
543.938	261.1
544.297	261.5
544.657	259.2
545.017	248.9
545.376	237.7
545.736	239.4
546.096	269.7
546.455	317.9
546.815	296.5
547.175	226.8
547.535	164.4
547.895	154.7
548.254	146.7
548.614	146.7
548.974	146.4
549.334	146.2
549.694	151.5
550.054	142.8
550.414	139.4
550.774	135.8
551.134	129.4
551.494	129.1
551.854	129.0
552.215	126.3
552.575	129.8
552.935	125.4
553.295	123.3
553.655	122.0
554.016	112.6
554.376	110.5
554.736	106.6
555.097	102.6
555.457	100.3
555.817	100.4
556.178	97.5
556.538	95.9
556.899	97.3
557.259	96.2
557.620	94.4
557.980	93.5
558.341	94.4
558.701	94.6
559.062	92.6
559.423	90.7
559.783	93.2
560.144	92.7
560.505	93.8
560.866	93.4
561.226	93.3
561.587	93.0
561.948	93.1
562.309	91.9
562.670	93.8
563.031	93.1
563.391	92.9
563.752	93.2
564.113	95.6
564.474	94.1
564.835	91.9
565.197	92.2
565.558	92.1
565.919	91.1
566.280	93.5
566.641	90.5
567.002	90.6
567.363	91.1
567.725	92.0
568.086	92.9
568.447	92.5
568.808	91.4
569.170	91.4
569.531	90.8
569.893	91.3
570.254	91.7
570.615	93.5
570.977	94.3
571.338	93.8
571.700	93.5
572.061	92.3
572.423	92.8
572.785	94.0
573.146	93.5
573.508	93.8
573.869	93.3
574.231	92.9
574.593	95.5
574.955	96.1
575.316	97.3
575.678	93.4
576.040	94.7
576.402	96.7
576.764	104.5
577.126	114.5
577.487	122.0
577.849	115.8
578.211	103.2
578.573	101.7
578.935	106.9
579.297	120.2
579.659	123.2
580.022	124.2
580.384	120.2
580.746	122.6
581.108	121.7
581.470	117.9
581.832	116.3
582.195	116.5
582.557	118.5
582.919	124.1
583.281	131.6
583.644	135.4
584.006	141.9
584.368	141.6
584.731	138.2
585.093	134.5
585.456	128.7
585.818	126.7
586.181	125.3
586.543	124.3
586.906	128.2
587.268	135.5
587.631	147.3
587.994	148.8
588.356	143.9
588.719	134.8
589.082	129.4
589.445	124.8
589.807	118.5
590.170	117.0
590.533	120.5
590.896	117.9
591.259	116.0
591.621	112.4
591.984	113.6
592.347	114.7
592.710	116.6
593.073	121.8
593.436	123.7
593.799	121.3
594.162	118.3
594.525	109.4
594.888	108.0
595.252	101.6
595.615	100.2
595.978	99.5
596.341	98.8
596.704	99.9
597.068	99.1
597.431	100.6
597.794	98.6
598.157	98.9
598.521	99.9
598.884	102.0
599.248	104.8
599.611	110.3
599.974	109.5
600.338	108.8
600.701	106.7
601.065	103.2
601.428	101.0
601.792	99.0
602.156	102.4
602.519	97.3
602.883	97.0
603.247	94.5
603.610	95.9
603.974	98.9
604.338	96.7
604.701	94.1
605.065	96.2
605.429	95.5
605.793	98.9
606.157	98.1
606.521	97.7
606.885	100.1
607.248	100.8
607.612	101.4
607.976	102.1
608.340	103.6
608.704	108.1
609.069	110.3
609.433	114.6
609.797	124.6
610.161	137.7
610.525	163.0
610.889	208.8
611.253	293.4
611.618	369.0
611.982	378.7
612.346	306.8
612.710	231.5
613.075	191.3
613.439	175.9
613.803	169.0
614.168	162.1
614.532	159.2
614.897	158.3
615.261	152.7
615.626	146.0
615.990	135.9
616.355	126.1
616.719	121.0
617.084	117.6
617.448	116.6
617.813	115.3
618.178	114.7
618.542	114.6
618.907	115.1
619.272	115.8
619.637	116.4
620.001	120.4
620.366	123.1
620.731	125.2
621.096	124.8
621.461	123.1
621.826	122.4
622.190	122.9
622.555	119.2
622.920	117.4
623.285	115.6
623.650	114.2
624.015	114.9
624.380	113.8
624.746	112.3
625.111	111.6
625.476	114.8
625.841	111.7
626.206	109.1
626.571	107.5
626.937	106.1
627.302	105.8
627.667	105.6
628.032	105.0
628.398	106.7
628.763	105.0
629.128	104.4
629.494	108.4
629.859	107.5
630.225	110.1
630.590	114.7
630.956	120.8
631.321	121.9
631.687	121.6
632.052	117.1
632.418	108.9
632.783	104.2
633.149	99.6
633.515	98.0
633.880	94.3
634.246	95.7
634.612	94.0
634.978	95.3
635.343	96.3
635.709	93.7
636.075	94.5
636.441	92.3
636.807	96.7
637.173	96.6
637.538	92.4
637.904	91.8
638.270	92.3
638.636	94.2
639.002	94.5
639.368	94.1
639.734	91.6
640.101	93.5
640.467	92.1
640.833	91.5
641.199	92.0
641.565	93.6
641.931	95.2
642.297	94.1
642.664	91.9
643.030	90.9
643.396	93.6
643.763	93.1
644.129	91.2
644.495	92.4
644.862	91.2
645.228	93.5
645.594	93.8
645.961	93.5
646.327	93.9
646.694	90.8
647.060	91.9
647.427	93.7
647.793	92.7
648.160	93.6
648.527	91.0
648.893	94.0
649.260	91.9
649.627	95.4
649.993	95.8
650.360	96.8
650.727	100.8
651.094	99.6
651.460	99.5
651.827	96.1
652.194	95.7
652.561	92.8
652.928	91.7
653.295	96.6
653.662	94.2
654.029	95.6
654.396	92.5
654.763	94.2
655.130	93.7
655.497	92.5
655.864	93.3
656.231	94.9
656.598	91.4
656.965	91.9
657.332	93.9
657.699	92.3
658.067	93.2
658.434	92.9
658.801	92.4
659.168	92.9
659.536	93.3
659.903	92.1
660.270	90.6
660.638	93.8
661.005	89.8
661.373	92.8
661.740	93.8
662.108	96.1
662.475	96.6
662.843	100.1
663.210	98.0
663.578	94.1
663.945	93.2
664.313	92.8
664.680	92.5
665.048	93.6
665.416	93.9
665.783	95.1
666.151	94.2
666.519	91.6
666.887	92.3
667.254	93.0
667.622	93.3
667.990	94.0
668.358	95.4
668.726	91.9
669.094	94.9
669.462	92.1
669.830	93.4
670.197	93.9
670.565	92.0
670.933	92.9
671.302	92.8
671.670	93.6
672.038	94.5
672.406	93.3
672.774	93.1
673.142	92.0
673.510	92.1
673.878	91.3
674.247	93.3
674.615	91.9
674.983	92.0
675.351	91.9
675.720	89.9
676.088	91.9
676.456	90.3
676.825	90.1
677.193	91.5
677.561	91.9
677.930	91.5
678.298	92.8
678.667	93.1
679.035	91.7
679.404	93.7
679.772	90.8
680.141	93.7
680.510	90.8
680.878	91.1
681.247	92.8
681.616	94.0
681.984	92.9
682.353	93.1
682.722	94.0
683.090	90.4
683.459	90.6
683.828	91.7
684.197	93.5
684.566	90.9
684.934	91.7
685.303	92.4
685.672	89.8
686.041	91.0
686.410	93.0
686.779	91.5
687.148	93.2
687.517	93.0
687.886	93.9
688.255	95.9
688.624	93.7
688.993	92.6
689.363	91.8
689.732	91.6
690.101	88.5
690.470	90.7
690.839	92.0
691.208	91.5
691.578	91.6
691.947	91.9
692.316	91.2
692.686	92.8
693.055	91.9
693.424	93.0
693.794	92.1
694.163	94.2
694.533	93.6
694.902	93.1
695.272	90.5
695.641	89.6
696.011	92.8
696.380	91.7
696.750	90.4
697.119	92.0
697.489	93.3
697.859	90.5
698.228	92.4
698.598	90.7
698.968	91.9
699.337	90.8
699.707	90.6
700.077	91.4
700.447	90.3
700.816	91.9
701.186	94.5
701.556	92.4
701.926	90.8
702.296	92.1
702.666	90.7
703.036	92.4
703.406	91.9
703.776	93.1
704.146	93.0
704.516	93.9
704.886	92.4
705.256	94.2
705.626	95.3
705.996	95.3
706.366	98.9
706.736	101.1
707.106	102.9
707.477	103.2
707.847	103.2
708.217	102.1
708.587	99.7
708.958	105.4
709.328	106.0
709.698	106.4
710.069	99.4
710.439	95.7
710.809	94.6
711.180	94.2
711.550	94.2
711.921	99.2
712.291	101.9
712.662	104.8
713.032	103.9
713.403	100.2
713.773	97.0
714.144	93.1
714.515	94.6
714.885	92.9
715.256	92.8
715.627	95.1
715.997	92.5
716.368	93.8
716.739	92.0
717.109	92.9
717.480	92.0
717.851	91.9
718.222	91.4
718.593	92.2
718.964	93.5
719.334	90.8
719.705	93.2
720.076	92.5
720.447	92.5
720.818	91.5
721.189	92.8
721.560	94.2
721.931	94.3
722.302	92.6
722.673	92.2
723.045	92.3
723.416	90.9
723.787	93.7
724.158	93.1
724.529	91.3
724.900	90.6
725.272	92.1
725.643	91.4
726.014	92.2
726.385	94.1
726.757	92.6
727.128	93.5
727.499	92.5
727.871	92.2
728.242	92.9
728.614	92.5
728.985	89.9
729.357	92.5
729.728	93.4
730.100	91.3
730.471	92.8
730.843	92.5
731.214	91.7
731.586	94.2
731.957	91.3
732.329	94.4
732.701	93.8
733.072	91.7
733.444	91.0
733.816	91.6
734.187	93.9
734.559	92.6
734.931	93.1
735.303	93.2
735.675	90.7
736.046	93.7
736.418	91.1
736.790	92.5
737.162	94.6
737.534	92.1
737.906	93.8
738.278	92.5
738.650	95.1
739.022	94.7
739.394	93.0
739.766	93.1
740.138	94.2
740.510	94.1
740.882	93.7
741.254	92.9
741.627	92.0
741.999	93.7
742.371	91.4
742.743	93.8
743.115	91.9
743.488	94.4
743.860	93.4
744.232	93.1
744.605	93.4
744.977	92.3
745.349	93.9
745.722	92.8
746.094	93.1
746.466	93.1
746.839	95.0
747.211	91.5
747.584	93.9
747.956	91.7
748.329	92.9
748.701	93.3
749.074	93.8
749.447	93.0
749.819	91.7
750.192	94.1
750.565	94.1
750.937	97.1
751.310	93.7
751.683	93.1
752.055	93.5
752.428	91.7
752.801	91.5
753.174	92.6
753.546	92.1
753.919	92.7
754.292	92.8
754.665	93.5
755.038	92.6
755.411	96.4
755.784	94.7
756.157	91.6
756.530	92.9
756.903	92.2
757.276	92.0
757.649	93.5
758.022	92.3
758.395	92.2
758.768	92.4
759.141	91.4
759.514	92.8
759.887	91.9
760.261	93.0
760.634	91.5
761.007	91.5
761.380	89.0
761.754	91.9
762.127	92.1
762.500	91.1
762.873	90.6
763.247	93.7
763.620	91.8
763.994	93.9
764.367	92.7
764.740	92.7
765.114	92.3
765.487	91.6
765.861	94.7
766.234	93.0
766.608	90.5
766.981	90.6
767.355	94.8
767.729	92.8
768.102	91.2
768.476	93.2
768.849	93.0
769.223	94.0
769.597	90.7
769.970	93.1
770.344	90.3
770.718	90.3
771.092	91.4
771.466	91.9
771.839	92.5
772.213	92.7
772.587	91.2
772.961	92.8
773.335	90.9
773.709	92.2
774.083	92.8
774.457	91.1
774.831	92.1
775.204	91.4
775.579	93.6
775.953	91.6
776.327	90.3
776.701	92.0
777.075	92.1
777.449	93.4
777.823	91.7
778.197	92.4
778.571	91.4
778.945	91.5
779.320	94.2
779.694	93.7
780.068	93.6
780.442	92.5
780.817	93.2
781.191	92.4
781.565	93.8
781.940	93.4
782.314	91.9
782.688	93.9
783.063	92.7
783.437	94.2
783.812	92.2
784.186	92.8
784.561	92.3
784.935	92.9
785.310	93.0
785.684	92.8
786.059	92.2
786.433	96.8
786.808	91.9
787.183	93.5
787.557	94.3
787.932	92.5
788.307	92.9
788.681	92.6
789.056	93.1
789.431	93.5
789.806	92.4
790.180	92.2
790.555	92.9
790.930	93.3
791.305	96.2
791.680	92.0
792.054	92.4
792.429	92.3
792.804	92.2
793.179	91.6
793.554	92.2
793.929	93.7
794.304	94.5
794.679	91.9
795.054	91.9
795.429	91.2
795.804	93.2
796.179	92.9
796.555	94.6
796.930	91.5
797.305	91.0
797.680	94.3
798.055	93.9
798.430	94.0
798.806	94.7
799.181	92.8
799.556	92.1
799.931	96.0
800.307	94.4
800.682	93.2
801.057	91.5
801.433	92.5
801.808	93.4
802.184	93.5
802.559	93.0
802.934	91.3
803.310	94.8
803.685	93.0
804.061	92.3
804.436	91.2
804.812	93.5
805.187	93.1
805.563	91.0
805.939	91.8
806.314	92.5
806.690	93.2
807.065	93.1
807.441	92.2
807.817	92.9
808.193	93.1
808.568	93.8
808.944	93.2
809.320	91.0
809.696	91.6
810.071	90.8
810.447	96.1
810.823	94.2
811.199	95.3
811.575	96.6
811.951	93.8
812.327	94.9
812.703	93.7
813.079	94.4
813.454	92.9
813.830	94.9
814.206	93.6
814.583	91.0
814.959	91.6
815.335	96.1
815.711	93.9
816.087	93.2
816.463	92.3
816.839	93.4
817.215	93.0
817.591	91.2
817.968	91.6
818.344	94.6
818.720	92.3
819.096	93.6
819.473	92.0
819.849	94.8
820.225	93.5
820.602	92.7
820.978	95.1
821.354	94.6
821.731	93.3
822.107	94.8
822.484	93.6
822.860	93.5
823.236	94.0
823.613	95.2
823.989	94.0
824.366	93.8
824.743	96.1
825.119	93.8
825.496	94.5
825.872	93.3
826.249	94.9
826.626	92.8
827.002	93.2
827.379	93.6
827.756	95.6
828.132	93.5
828.509	97.4
828.886	93.8
829.262	92.2
829.639	94.3
830.016	94.5
830.393	94.3
830.770	94.4
831.147	94.2
831.523	91.8
831.900	94.6
832.277	92.8
832.654	93.8
833.031	93.2
833.408	94.2
833.785	94.5
834.162	94.4
834.539	96.6
834.916	94.9
835.293	94.0
835.670	95.3
836.047	94.9
836.425	94.3
836.802	92.8
837.179	97.1
837.556	93.6
837.933	94.7
838.310	94.0
838.688	94.6
839.065	91.9
839.442	95.1
839.819	92.4
840.197	95.2
840.574	93.8
840.951	96.7
841.329	94.5
841.706	95.1
842.083	93.7
842.461	93.2
842.838	94.9
843.216	94.7
843.593	93.3
843.971	94.4
844.348	95.3
844.726	94.0
845.103	94.5
845.481	94.4
845.858	92.8
846.236	95.2
846.614	94.4
846.991	92.8
847.369	93.1
847.747	95.1
848.124	96.0
848.502	94.2
848.880	95.1
849.257	93.2
849.635	94.8
850.013	93.6
850.391	92.7
850.768	92.8
851.146	91.1
851.524	95.4
851.902	94.8
852.280	95.2
852.658	96.1
853.036	95.3
853.414	95.2
853.792	93.8
854.170	94.4
854.548	94.4
854.926	94.6
855.304	92.3
855.682	93.9
856.060	96.8
856.438	94.9
856.816	95.3
857.194	93.0
857.572	92.3
857.950	95.2
858.328	95.2
858.707	94.1
859.085	93.3
859.463	96.8
859.841	95.5
860.220	95.9
860.598	94.0
860.976	94.5
861.354	93.9
861.733	95.4
862.111	95.6
862.489	95.9
862.868	94.3
863.246	95.7
863.625	96.4
864.003	95.9
864.382	96.1
864.760	96.8
865.139	96.4
865.517	96.6
865.896	95.4
866.274	97.7
866.653	94.0
867.031	95.0
867.410	96.7
867.788	96.6
868.167	98.5
868.546	95.7
868.924	94.8
869.303	96.4
869.682	94.1
870.061	93.0
870.439	95.7
870.818	95.0
871.197	95.6
871.576	96.1
871.954	94.9
872.333	94.6
872.712	93.4
873.091	94.8
873.470	95.1
873.849	94.3
874.228	95.5
874.606	95.2
874.985	94.1
875.364	92.6
875.743	97.5
876.122	95.7
876.501	94.6
876.880	94.1
877.259	96.2
877.639	95.7
878.018	96.2
878.397	96.2
878.776	97.1
879.155	94.7
879.534	93.9
879.913	95.1
880.293	97.7
880.672	93.8
881.051	95.6
881.430	96.0
881.809	91.5
882.189	95.6
882.568	96.6
882.947	97.2
883.327	94.9
883.706	96.2
884.085	93.8
884.465	94.1
884.844	95.8
885.224	94.1
885.603	96.5
885.982	93.9
886.362	95.7
886.741	94.6
887.121	94.4
887.500	94.5
887.880	94.0
888.259	95.3
888.639	92.9
889.019	96.1
889.398	95.5
889.778	95.7
890.157	94.9
890.537	95.6
890.917	93.2
891.296	96.6
891.676	95.6
892.056	93.6
892.436	95.7
892.815	97.7
893.195	96.5
893.575	95.7
893.955	94.7
894.335	95.8
894.714	95.1
895.094	96.7
895.474	96.7
895.854	94.5
896.234	96.8
896.614	95.3
896.994	95.6
897.374	96.0
897.754	93.8
898.134	97.0
898.514	94.8
898.894	94.9
899.274	95.0
899.654	94.6
900.034	96.1
900.414	96.6
900.794	95.0
901.174	97.2
901.554	95.1
901.935	95.6
902.315	96.0
902.695	97.5
903.075	95.8
903.455	97.3
903.836	95.3
904.216	96.0
904.596	95.8
904.977	96.3
905.357	96.4
905.737	95.7
