175.633	75.9
175.959	74.3
176.286	75.1
176.612	75.3
176.939	76.0
177.265	76.6
177.592	77.2
177.919	75.0
178.245	76.2
178.572	77.5
178.899	73.1
179.226	77.4
179.553	78.3
179.879	78.1
180.206	76.1
180.533	76.4
180.860	77.6
181.187	76.5
181.514	76.5
181.841	76.3
182.168	78.6
182.496	76.8
182.823	81.6
183.150	76.2
183.477	77.5
183.805	79.1
184.132	79.6
184.459	77.7
184.787	77.8
185.114	80.3
185.442	78.5
185.769	80.1
186.097	79.4
186.424	85.3
186.752	82.5
187.079	81.3
187.407	80.7
187.735	82.1
188.063	79.8
188.390	81.5
188.718	79.9
189.046	80.1
189.374	80.7
189.702	82.0
190.030	81.9
190.358	79.2
190.686	78.6
191.014	78.9
191.342	80.1
191.670	78.7
191.999	80.4
192.327	80.1
192.655	80.1
192.983	81.1
193.312	84.2
193.640	82.3
193.968	81.6
194.297	79.6
194.625	80.5
194.954	81.2
195.282	83.4
195.611	84.8
195.940	84.2
196.268	81.5
196.597	83.1
196.926	83.4
197.254	84.6
197.583	83.8
197.912	85.6
198.241	83.1
198.570	80.1
198.899	83.6
199.228	83.9
199.557	80.2
199.886	81.6
200.215	80.1
200.544	82.8
200.873	85.2
201.202	83.1
201.531	80.7
201.861	86.3
202.190	87.4
202.519	84.1
202.849	85.0
203.178	84.9
203.507	88.9
203.837	85.5
204.166	83.5
204.496	86.9
204.826	86.4
205.155	84.1
205.485	86.4
205.814	86.9
206.144	88.2
206.474	87.1
206.804	84.7
207.133	85.5
207.463	86.0
207.793	85.9
208.123	87.7
208.453	88.7
208.783	86.4
209.113	84.4
209.443	89.3
209.773	84.2
210.103	87.4
210.433	87.9
210.764	86.2
211.094	86.7
211.424	87.8
211.754	86.2
212.085	87.3
212.415	90.2
212.746	84.1
213.076	81.4
213.407	83.5
213.737	87.3
214.068	86.5
214.398	87.7
214.729	85.7
215.059	82.1
215.390	87.3
215.721	82.2
216.052	83.3
216.382	82.3
216.713	81.1
217.044	85.4
217.375	85.5
217.706	83.7
218.037	85.5
218.368	83.1
218.699	86.1
219.030	83.9
219.361	83.4
219.692	84.4
220.023	86.4
220.355	83.9
220.686	86.4
221.017	87.5
221.348	85.1
221.680	84.4
222.011	85.5
222.343	84.7
222.674	86.7
223.006	88.2
223.337	91.1
223.669	85.6
224.000	85.4
224.332	87.8
224.663	86.4
224.995	85.2
225.327	87.3
225.659	85.3
225.990	88.2
226.322	86.3
226.654	90.3
226.986	88.4
227.318	88.4
227.650	88.4
227.982	90.6
228.314	85.9
228.646	88.2
228.978	85.6
229.310	88.8
229.642	88.2
229.975	88.6
230.307	84.8
230.639	86.4
230.972	85.7
231.304	86.7
231.636	85.3
231.969	84.9
232.301	86.1
232.634	87.2
232.966	87.2
233.299	86.2
233.631	89.2
233.964	89.0
234.297	88.6
234.629	87.5
234.962	86.3
235.295	90.5
235.628	88.1
235.960	87.4
236.293	89.4
236.626	88.6
236.959	88.9
237.292	90.4
237.625	87.3
237.958	90.1
238.291	90.2
238.624	89.4
238.957	88.4
239.291	89.6
239.624	86.2
239.957	89.1
240.290	86.9
240.624	89.2
240.957	90.1
241.290	87.8
241.624	89.5
241.957	88.0
242.291	88.6
242.624	87.6
242.958	90.6
243.291	90.4
243.625	90.0
243.959	93.8
244.292	93.6
244.626	91.0
244.960	90.4
245.293	88.9
245.627	88.8
245.961	91.5
246.295	90.0
246.629	91.8
246.963	87.2
247.297	89.8
247.631	89.8
247.965	86.7
248.299	89.5
248.633	87.8
248.967	90.5
249.302	88.3
249.636	89.3
249.970	89.7
250.304	87.8
250.639	86.9
250.973	88.7
251.307	89.2
251.642	90.1
251.976	92.8
252.311	88.2
252.645	90.1
252.980	93.4
253.314	91.5
253.649	92.0
253.984	88.5
254.318	89.8
254.653	92.3
254.988	90.1
255.323	89.2
255.658	88.9
255.992	91.4
256.327	90.8
256.662	89.2
256.997	88.5
257.332	89.6
257.667	88.0
258.002	89.4
258.338	87.9
258.673	90.9
259.008	88.7
259.343	91.1
259.678	88.8
260.014	91.0
260.349	88.7
260.684	91.3
261.020	89.0
261.355	89.6
261.690	89.1
262.026	93.3
262.361	89.1
262.697	89.1
263.032	89.5
263.368	92.3
263.704	89.5
264.039	90.4
264.375	88.3
264.711	90.7
265.047	85.1
265.382	89.9
265.718	95.1
266.054	89.9
266.390	92.5
266.726	90.8
267.062	91.9
267.398	92.2
267.734	91.3
268.070	91.1
268.406	90.7
268.742	91.5
269.079	91.0
269.415	93.7
269.751	89.3
270.087	90.1
270.424	91.1
270.760	92.2
271.096	88.6
271.433	90.2
271.769	89.4
272.106	91.5
272.442	89.5
272.779	92.4
273.115	91.6
273.452	91.5
273.789	91.6
274.125	87.7
274.462	90.7
274.799	91.4
275.135	90.9
275.472	91.0
275.809	89.6
276.146	91.9
276.483	91.6
276.820	91.2
277.157	91.6
277.494	89.9
277.831	88.8
278.168	92.4
278.505	87.9
278.842	89.6
279.179	89.3
279.516	92.0
279.854	90.9
280.191	92.2
280.528	88.3
280.866	91.3
281.203	91.0
281.540	91.5
281.878	91.4
282.215	90.3
282.553	91.8
282.890	91.4
283.228	91.1
283.566	91.0
283.903	94.8
284.241	94.4
284.579	92.9
284.916	92.2
285.254	92.2
285.592	90.8
285.930	92.3
286.268	92.3
286.605	90.6
286.943	94.2
287.281	92.8
287.619	93.3
287.957	90.0
288.295	93.1
288.633	91.3
288.972	93.0
289.310	92.5
289.648	95.4
289.986	95.9
290.324	94.3
290.663	93.5
291.001	93.6
291.339	94.4
291.678	95.4
292.016	92.4
292.355	90.4
292.693	90.8
293.032	90.9
293.370	93.4
293.709	92.0
294.047	92.3
294.386	91.7
294.725	91.9
295.063	93.1
295.402	92.0
295.741	91.9
296.080	89.4
296.419	94.5
296.758	92.2
297.096	92.3
297.435	91.5
297.774	93.6
298.113	96.7
298.452	94.7
298.791	96.7
299.131	95.0
299.470	93.9
299.809	95.9
300.148	93.8
300.487	93.3
300.827	94.7
301.166	92.2
301.505	92.4
301.845	94.5
302.184	92.6
302.523	92.9
302.863	92.4
303.202	95.2
303.542	92.1
303.881	93.2
304.221	93.9
304.561	96.1
304.900	92.5
305.240	94.2
305.580	95.0
305.920	94.7
306.259	93.8
306.599	95.8
306.939	94.9
307.279	93.6
307.619	95.4
307.959	94.2
308.299	92.4
308.639	92.6
308.979	97.9
309.319	95.9
309.659	92.5
309.999	93.4
310.339	93.7
310.679	94.0
311.020	94.0
311.360	95.1
311.700	92.8
312.041	91.6
312.381	93.6
312.721	94.3
313.062	94.2
313.402	94.6
313.743	92.4
314.083	94.3
314.424	90.7
314.764	92.8
315.105	93.5
315.446	93.0
315.786	91.0
316.127	92.5
316.468	90.4
316.809	93.8
317.149	92.3
317.490	92.3
317.831	91.1
318.172	93.5
318.513	95.2
318.854	95.1
319.195	90.8
319.536	94.6
319.877	96.1
320.218	95.6
320.559	95.4
320.901	94.2
321.242	91.3
321.583	93.3
321.924	95.5
322.266	94.7
322.607	93.0
322.948	94.0
323.290	94.6
323.631	97.3
323.972	97.2
324.314	95.5
324.655	95.7
324.997	97.2
325.339	95.9
325.680	95.9
326.022	93.2
326.364	92.7
326.705	93.6
327.047	94.3
327.389	91.7
327.731	92.3
328.072	91.0
328.414	93.2
328.756	93.1
329.098	92.8
329.440	94.1
329.782	93.8
330.124	92.9
330.466	95.1
330.808	96.0
331.150	94.4
331.492	90.8
331.835	93.8
332.177	93.2
332.519	91.9
332.861	92.2
333.204	93.0
333.546	90.1
333.888	91.8
334.231	92.5
334.573	91.3
334.916	92.6
335.258	93.2
335.601	93.9
335.943	92.8
336.286	91.0
336.628	91.7
336.971	93.5
337.314	93.6
337.657	94.2
337.999	96.8
338.342	95.5
338.685	94.9
339.028	95.2
339.371	94.5
339.714	94.1
340.056	96.1
340.399	92.3
340.742	91.0
341.085	87.8
341.429	89.3
341.772	94.7
342.115	90.4
342.458	92.5
342.801	92.6
343.144	91.4
343.488	93.0
343.831	92.9
344.174	91.9
344.517	94.0
344.861	94.7
345.204	97.3
345.548	92.6
345.891	93.2
346.235	91.9
346.578	91.0
346.922	92.6
347.265	92.2
347.609	92.0
347.953	90.6
348.296	92.7
348.640	92.8
348.984	92.8
349.328	95.5
349.671	96.1
350.015	93.3
350.359	92.4
350.703	93.8
351.047	94.1
351.391	92.6
351.735	92.3
352.079	89.3
352.423	88.8
352.767	93.7
353.111	94.4
353.455	91.8
353.800	90.0
354.144	92.6
354.488	93.3
354.832	93.4
355.177	90.5
355.521	91.4
355.865	91.9
356.210	93.1
356.554	94.8
356.899	95.3
357.243	97.2
357.588	93.9
357.932	94.3
358.277	92.1
358.621	91.5
358.966	92.4
359.311	96.3
359.655	96.9
360.000	95.5
360.345	94.6
360.690	93.0
361.035	91.5
361.379	93.1
361.724	93.1
362.069	92.2
362.414	89.5
362.759	91.4
363.104	92.8
363.449	93.7
363.794	93.0
364.139	92.7
364.485	92.4
364.830	95.2
365.175	99.5
365.520	108.9
365.865	108.2
366.211	105.1
366.556	95.1
366.901	96.7
367.247	92.4
367.592	91.2
367.938	91.8
368.283	92.6
368.629	91.1
368.974	92.1
369.320	93.0
369.665	89.2
370.011	92.0
370.357	91.3
370.702	90.2
371.048	91.2
371.394	91.4
371.740	92.9
372.085	89.4
372.431	88.5
372.777	93.2
373.123	90.8
373.469	93.0
373.815	94.3
374.161	90.5
374.507	91.6
374.853	95.2
375.199	90.8
375.545	91.8
375.891	91.8
376.238	91.2
376.584	89.4
376.930	92.6
377.276	94.4
377.623	92.6
377.969	93.6
378.315	91.7
378.662	93.4
379.008	93.4
379.355	94.5
379.701	95.7
380.048	97.7
380.394	94.4
380.741	93.3
381.087	94.4
381.434	92.3
381.781	91.5
382.127	92.5
382.474	92.8
382.821	95.3
383.168	93.8
383.514	96.0
383.861	96.5
384.208	95.9
384.555	94.2
384.902	94.9
385.249	92.9
385.596	93.6
385.943	91.7
386.290	91.7
386.637	92.2
386.984	95.7
387.331	91.7
387.679	94.9
388.026	94.1
388.373	94.5
388.720	94.1
389.068	92.7
389.415	92.3
389.762	91.6
390.110	93.0
390.457	96.0
390.804	93.5
391.152	92.6
391.499	91.2
391.847	92.6
392.195	93.5
392.542	92.2
392.890	94.2
393.237	93.4
393.585	92.6
393.933	95.3
394.281	95.1
394.628	94.7
394.976	94.0
395.324	96.7
395.672	95.7
396.020	93.8
396.368	90.2
396.716	93.8
397.064	95.2
397.412	94.7
397.760	93.6
398.108	90.2
398.456	92.4
398.804	94.0
399.152	89.1
399.500	91.7
399.849	93.5
400.197	91.8
400.545	92.2
400.893	94.6
401.242	92.6
401.590	96.3
401.939	93.3
402.287	95.2
402.635	94.1
402.984	97.1
403.332	95.1
403.681	101.4
404.030	105.5
404.378	118.8
404.727	152.2
405.075	211.4
405.424	222.2
405.773	174.4
406.122	113.2
406.470	98.7
406.819	97.7
407.168	103.0
407.517	102.2
407.866	105.1
408.215	114.1
408.564	113.2
408.913	106.0
409.262	107.2
409.611	105.4
409.960	105.3
410.309	105.4
410.658	109.7
411.007	107.7
411.357	110.5
411.706	114.7
412.055	115.0
412.404	113.6
412.754	112.1
413.103	116.2
413.452	119.4
413.802	118.2
414.151	119.5
414.501	122.9
414.850	123.6
415.200	126.4
415.549	129.4
415.899	130.0
416.248	129.9
416.598	135.2
416.948	135.7
417.297	138.8
417.647	139.8
417.997	145.9
418.347	145.7
418.697	146.5
419.046	152.2
419.396	157.3
419.746	156.1
420.096	161.0
420.446	164.7
420.796	166.5
421.146	171.0
421.496	178.7
421.846	177.7
422.196	183.0
422.546	187.1
422.897	190.7
423.247	193.6
423.597	199.4
423.947	202.6
424.298	205.3
424.648	208.1
424.998	211.3
425.349	218.4
425.699	221.7
426.049	228.2
426.400	235.0
426.750	239.4
427.101	243.4
427.451	250.0
427.802	255.7
428.153	259.5
428.503	265.5
428.854	274.6
429.205	277.9
429.555	290.1
429.906	293.2
430.257	300.5
430.608	310.3
430.958	314.4
431.309	322.6
431.660	329.7
432.011	337.4
432.362	344.9
432.713	355.0
433.064	364.7
433.415	375.5
433.766	385.0
434.117	395.1
434.468	406.3
434.819	422.9
435.171	441.1
435.522	495.0
435.873	616.1
436.224	833.0
436.576	882.8
436.927	734.7
437.278	536.5
437.630	504.3
437.981	516.3
438.333	525.0
438.684	534.8
439.035	549.3
439.387	564.3
439.739	580.0
440.090	593.0
440.442	613.9
440.793	637.9
441.145	653.3
441.497	681.4
441.848	710.0
442.200	727.8
442.552	762.4
442.904	795.2
443.256	827.0
443.607	849.4
443.959	877.6
444.311	913.7
444.663	946.6
445.015	975.0
445.367	1019.7
445.719	1046.1
446.071	1084.4
446.423	1123.2
446.776	1160.8
447.128	1197.0
447.480	1229.0
447.832	1260.6
448.184	1296.5
448.537	1333.1
448.889	1369.0
449.241	1411.8
449.594	1440.6
449.946	1470.6
450.298	1489.6
450.651	1512.4
451.003	1531.5
451.356	1561.1
451.708	1569.9
452.061	1572.0
452.413	1583.7
452.766	1589.0
453.119	1594.3
453.471	1582.2
453.824	1588.1
454.177	1575.9
454.529	1556.9
454.882	1559.0
455.235	1530.6
455.588	1508.1
455.941	1492.6
456.294	1457.7
456.647	1442.9
456.999	1413.2
457.352	1390.8
457.705	1369.8
458.058	1343.2
458.412	1310.4
458.765	1291.3
459.118	1265.1
459.471	1235.3
459.824	1226.8
460.177	1197.5
460.530	1191.9
460.884	1163.8
461.237	1159.6
461.590	1138.5
461.944	1130.1
462.297	1122.7
462.650	1106.5
463.004	1101.7
463.357	1090.8
463.711	1084.1
464.064	1080.1
464.418	1075.6
464.771	1065.8
465.125	1063.2
465.479	1059.0
465.832	1052.0
466.186	1045.4
466.540	1043.1
466.893	1034.0
467.247	1030.4
467.601	1018.9
467.955	1012.4
468.309	1014.4
468.662	1002.8
469.016	993.4
469.370	983.6
469.724	968.9
470.078	962.1
470.432	959.0
470.786	941.3
471.140	929.1
471.494	920.6
471.849	913.1
472.203	893.9
472.557	886.5
472.911	873.2
473.265	866.3
473.620	850.9
473.974	842.3
474.328	837.4
474.682	827.9
475.037	818.5
475.391	808.3
475.746	802.8
476.100	802.1
476.455	793.2
476.809	789.1
477.164	785.0
477.518	781.3
477.873	781.1
478.227	779.4
478.582	776.6
478.937	773.4
479.291	777.2
479.646	784.7
480.001	781.2
480.356	786.4
480.711	787.3
481.065	795.1
481.420	795.9
481.775	801.1
482.130	809.3
482.485	816.2
482.840	823.3
483.195	837.1
483.550	846.7
483.905	852.0
484.260	869.0
484.615	882.0
484.970	893.8
485.326	914.2
485.681	921.3
486.036	941.3
486.391	954.6
486.747	966.3
487.102	975.1
487.457	986.6
487.813	995.9
488.168	1003.6
488.523	1001.8
488.879	1007.4
489.234	1016.9
489.590	1022.7
489.945	1032.2
490.301	1033.9
490.656	1043.2
491.012	1050.6
491.368	1046.1
491.723	1057.8
492.079	1068.3
492.435	1079.5
492.791	1092.6
493.146	1093.4
493.502	1100.7
493.858	1101.4
494.214	1117.9
494.570	1124.1
494.926	1132.5
495.281	1139.9
495.637	1150.1
495.993	1153.8
496.349	1152.5
496.705	1169.9
497.062	1181.6
497.418	1190.7
497.774	1201.6
498.130	1208.1
498.486	1220.1
498.842	1226.7
499.199	1231.1
499.555	1242.9
499.911	1253.6
500.267	1257.0
500.624	1262.2
500.980	1271.9
501.337	1275.6
501.693	1287.0
502.049	1300.0
502.406	1304.2
502.762	1305.8
503.119	1313.5
503.475	1322.1
503.832	1332.9
504.189	1337.2
504.545	1346.7
504.902	1352.5
505.259	1363.7
505.615	1361.4
505.972	1371.0
506.329	1377.2
506.686	1383.6
507.043	1381.9
507.399	1404.4
507.756	1398.7
508.113	1402.1
508.470	1414.6
508.827	1415.1
509.184	1417.4
509.541	1420.7
509.898	1434.8
510.255	1436.0
510.612	1441.2
510.969	1444.8
511.327	1458.8
511.684	1453.2
512.041	1458.4
512.398	1465.6
512.755	1464.9
513.113	1473.8
513.470	1477.3
513.827	1473.6
514.185	1479.5
514.542	1481.2
514.900	1490.9
515.257	1485.1
515.614	1487.9
515.972	1494.8
516.329	1492.0
516.687	1508.9
517.045	1496.9
517.402	1497.6
517.760	1503.2
518.117	1504.2
518.475	1511.0
518.833	1512.8
519.191	1516.0
519.548	1523.5
519.906	1518.5
520.264	1522.6
520.622	1519.9
520.980	1527.9
521.338	1533.3
521.695	1531.3
522.053	1534.8
522.411	1536.0
522.769	1542.0
523.127	1545.9
523.485	1533.3
523.844	1547.3
524.202	1552.8
524.560	1552.1
524.918	1546.2
525.276	1570.7
525.634	1554.8
525.993	1564.8
526.351	1564.0
526.709	1574.9
527.067	1567.7
527.426	1569.2
527.784	1577.9
528.143	1586.9
528.501	1592.1
528.859	1586.3
529.218	1597.9
529.576	1598.2
529.935	1599.1
530.293	1594.8
530.652	1613.2
531.011	1607.5
531.369	1614.7
531.728	1625.7
532.087	1617.2
532.445	1627.9
532.804	1644.0
533.163	1647.1
533.522	1655.0
533.880	1647.7
534.239	1654.5
534.598	1668.2
534.957	1674.9
535.316	1680.6
535.675	1684.8
536.034	1701.1
536.393	1696.8
536.752	1703.1
537.111	1728.2
537.470	1728.8
537.829	1730.5
538.188	1743.0
538.547	1770.0
538.907	1786.9
539.266	1800.1
539.625	1808.8
539.984	1827.9
540.344	1856.8
540.703	1883.6
541.062	1918.6
541.422	1954.5
541.781	2024.8
542.140	2076.2
542.500	2177.5
542.859	2229.1
543.219	2231.1
543.578	2222.2
543.938	2244.0
544.297	2255.1
544.657	2261.6
545.017	2244.3
545.376	2223.3
545.736	2239.7
546.096	2319.4
546.455	2431.9
546.815	2405.5
547.175	2265.0
547.535	2123.4
547.895	2094.7
548.254	2084.9
548.614	2097.0
548.974	2103.4
549.334	2130.1
549.694	2146.3
550.054	2126.3
550.414	2138.4
550.774	2155.3
551.134	2144.8
551.494	2148.1
551.854	2165.8
552.215	2166.8
552.575	2193.8
552.935	2196.5
553.295	2196.8
553.655	2207.8
554.016	2195.3
554.376	2219.0
554.736	2212.8
555.097	2211.5
555.457	2233.5
555.817	2238.6
556.178	2244.2
556.538	2260.2
556.899	2271.7
557.259	2275.0
557.620	2298.5
557.980	2304.9
558.341	2319.5
558.701	2348.8
559.062	2351.0
559.423	2364.7
559.783	2388.3
560.144	2408.2
560.505	2417.9
560.866	2430.6
561.226	2444.3
561.587	2462.7
561.948	2464.8
562.309	2482.3
562.670	2505.4
563.031	2508.0
563.391	2519.2
563.752	2550.0
564.113	2583.6
564.474	2584.1
564.835	2592.0
565.197	2618.8
565.558	2623.5
565.919	2644.0
566.280	2665.8
566.641	2676.1
567.002	2707.3
567.363	2708.6
567.725	2724.0
568.086	2748.3
568.447	2754.9
568.808	2769.1
569.170	2787.6
569.531	2801.4
569.893	2827.0
570.254	2829.9
570.615	2860.1
570.977	2880.0
571.338	2881.7
571.700	2903.7
572.061	2902.5
572.423	2938.5
572.785	2956.7
573.146	2965.8
573.508	2995.7
573.869	2987.0
574.231	3022.3
574.593	3018.8
574.955	3050.7
575.316	3056.5
575.678	3087.9
576.040	3100.1
576.402	3098.8
576.764	3147.8
577.126	3182.8
577.487	3208.9
577.849	3208.6
578.211	3193.5
578.573	3218.1
578.935	3203.2
579.297	3273.3
579.659	3295.0
580.022	3296.0
580.384	3323.8
580.746	3330.7
581.108	3350.8
581.470	3344.2
581.832	3345.8
582.195	3373.6
582.557	3395.5
582.919	3400.6
583.281	3429.3
583.644	3461.5
584.006	3471.5
584.368	3509.2
584.731	3485.4
585.093	3512.3
585.456	3496.3
585.818	3518.3
586.181	3513.7
586.543	3534.2
586.906	3528.1
587.268	3552.2
587.631	3596.1
587.994	3606.2
588.356	3599.0
588.719	3593.7
589.082	3568.9
589.445	3600.9
589.807	3576.9
590.170	3598.0
590.533	3587.8
590.896	3582.5
591.259	3571.7
591.621	3577.3
591.984	3596.7
592.347	3600.9
592.710	3588.6
593.073	3633.7
593.436	3628.0
593.799	3630.1
594.162	3627.9
594.525	3608.9
594.888	3594.7
595.252	3560.6
595.615	3596.0
595.978	3579.4
596.341	3588.9
596.704	3580.2
597.068	3591.7
597.431	3607.9
597.794	3565.3
598.157	3581.6
598.521	3602.1
598.884	3598.8
599.248	3588.2
599.611	3606.1
599.974	3601.9
600.338	3601.2
600.701	3586.3
601.065	3585.4
601.428	3557.5
601.792	3563.0
602.156	3553.3
602.519	3566.0
602.883	3523.3
603.247	3545.4
603.610	3522.2
603.974	3509.1
604.338	3541.3
604.701	3506.1
605.065	3495.3
605.429	3487.1
605.793	3493.2
606.157	3477.0
606.521	3466.2
606.885	3458.4
607.248	3430.5
607.612	3450.2
607.976	3422.5
608.340	3442.0
608.704	3431.1
609.069	3425.8
609.433	3418.3
609.797	3425.6
610.161	3464.3
610.525	3499.9
610.889	3572.4
611.253	3760.0
611.618	3913.5
611.982	3944.4
612.346	3793.6
612.710	3613.4
613.075	3526.4
613.439	3457.7
613.803	3453.2
614.168	3407.0
614.532	3410.8
614.897	3395.2
615.261	3374.3
615.626	3334.9
615.990	3313.6
616.355	3292.0
616.719	3241.3
617.084	3247.7
617.448	3215.1
617.813	3212.5
618.178	3206.6
618.542	3189.4
618.907	3183.8
619.272	3161.4
619.637	3144.2
620.001	3130.6
620.366	3131.1
620.731	3146.5
621.096	3095.7
621.461	3081.0
621.826	3089.3
622.190	3083.6
622.555	3029.6
622.920	3007.5
623.285	3008.1
623.650	2997.4
624.015	2959.2
624.380	2933.5
624.746	2935.8
625.111	2911.9
625.476	2905.2
625.841	2876.5
626.206	2854.7
626.571	2825.9
626.937	2828.1
627.302	2795.5
627.667	2770.2
628.032	2756.3
628.398	2748.8
628.763	2706.5
629.128	2708.1
629.494	2675.9
629.859	2680.6
630.225	2650.8
630.590	2652.4
630.956	2643.9
631.321	2625.1
631.687	2612.4
632.052	2561.2
632.418	2545.8
632.783	2498.3
633.149	2468.3
633.515	2444.5
633.880	2434.7
634.246	2424.8
634.612	2386.1
634.978	2378.0
635.343	2354.9
635.709	2345.2
636.075	2316.3
636.441	2297.5
636.807	2275.0
637.173	2268.8
637.538	2245.2
637.904	2216.7
638.270	2207.8
638.636	2190.3
639.002	2166.7
639.368	2173.0
639.734	2129.5
640.101	2126.1
640.467	2097.2
640.833	2092.5
641.199	2066.3
641.565	2049.3
641.931	2042.8
642.297	2016.2
642.664	1997.8
643.030	1987.9
643.396	1967.8
643.763	1954.8
644.129	1944.1
644.495	1912.5
644.862	1898.2
645.228	1884.5
645.594	1881.2
645.961	1857.2
646.327	1839.9
646.694	1825.0
647.060	1806.2
647.427	1797.2
647.793	1775.9
648.160	1765.0
648.527	1739.1
648.893	1736.8
649.260	1722.7
649.627	1712.2
649.993	1707.7
650.360	1684.7
650.727	1685.3
651.094	1663.6
651.460	1650.4
651.827	1629.7
652.194	1609.7
652.561	1598.0
652.928	1574.6
653.295	1569.9
653.662	1560.7
654.029	1546.2
654.396	1528.5
654.763	1510.6
655.130	1494.5
655.497	1479.0
655.864	1469.4
656.231	1458.6
656.598	1439.5
656.965	1421.8
657.332	1414.2
657.699	1400.9
658.067	1392.1
658.434	1382.1
658.801	1362.4
659.168	1356.4
659.536	1335.4
659.903	1328.0
660.270	1315.6
660.638	1301.4
661.005	1298.2
661.373	1282.9
661.740	1265.6
662.108	1264.9
662.475	1251.5
662.843	1241.5
663.210	1239.0
663.578	1213.0
663.945	1205.4
664.313	1190.0
664.680	1184.0
665.048	1172.3
665.416	1155.3
665.783	1153.5
666.151	1138.0
666.519	1127.6
666.887	1115.0
667.254	1105.3
667.622	1094.4
667.990	1082.8
668.358	1072.4
668.726	1073.1
669.094	1052.8
669.462	1041.8
669.830	1039.1
670.197	1033.4
670.565	1016.7
670.933	1005.4
671.302	998.7
671.670	987.2
672.038	977.5
672.406	973.1
672.774	960.4
673.142	950.7
673.510	948.2
673.878	933.0
674.247	933.0
674.615	923.4
674.983	904.4
675.351	901.4
675.720	887.9
676.088	884.0
676.456	875.5
676.825	863.4
677.193	859.8
677.561	854.0
677.930	841.3
678.298	839.0
678.667	830.1
679.035	821.8
679.404	814.3
679.772	807.5
680.141	808.2
680.510	784.2
680.878	784.8
681.247	774.3
681.616	767.9
681.984	760.8
682.353	752.0
682.722	746.8
683.090	737.6
683.459	731.4
683.828	722.5
684.197	719.3
684.566	712.7
684.934	701.9
685.303	693.8
685.672	692.0
686.041	685.4
686.410	682.2
686.779	671.8
687.148	675.2
687.517	664.8
687.886	661.7
688.255	658.9
688.624	650.8
688.993	642.2
689.363	637.6
689.732	625.2
690.101	622.6
690.470	611.3
690.839	610.5
691.208	605.2
691.578	594.2
691.947	588.3
692.316	587.4
692.686	579.9
693.055	580.4
693.424	573.2
693.794	570.8
694.163	567.8
694.533	559.3
694.902	552.8
695.272	542.9
695.641	535.3
696.011	530.0
696.380	527.0
696.750	523.3
697.119	521.6
697.489	513.4
697.859	508.2
698.228	504.5
698.598	498.9
698.968	493.9
699.337	489.5
699.707	485.8
700.077	480.0
700.447	473.1
700.816	473.7
701.186	471.0
701.556	465.6
701.926	460.4
702.296	455.2
702.666	453.7
703.036	449.7
703.406	444.6
703.776	442.0
704.146	436.6
704.516	432.0
704.886	429.7
705.256	429.1
705.626	425.4
705.996	425.6
706.366	429.3
706.736	431.8
707.106	432.7
707.477	428.1
707.847	424.6
708.217	415.2
708.587	409.4
708.958	416.2
709.328	418.1
709.698	413.7
710.069	397.1
710.439	383.3
710.809	377.3
711.180	374.4
711.550	372.3
711.921	377.1
712.291	383.7
712.662	386.0
713.032	379.8
713.403	367.6
713.773	351.9
714.144	343.8
714.515	339.9
714.885	338.0
715.256	335.4
715.627	331.4
715.997	326.3
716.368	325.2
716.739	321.3
717.109	315.6
717.480	314.6
717.851	311.6
718.222	304.1
718.593	307.9
718.964	300.8
719.334	299.4
719.705	294.7
720.076	295.0
720.447	291.8
720.818	286.4
721.189	288.3
721.560	286.8
721.931	280.9
722.302	280.6
722.673	275.2
723.045	273.4
723.416	270.9
723.787	270.8
724.158	264.6
724.529	263.1
724.900	262.3
725.272	262.5
725.643	257.6
726.014	256.2
726.385	255.9
726.757	251.9
727.128	251.0
727.499	252.1
727.871	247.4
728.242	244.5
728.614	243.9
728.985	237.8
729.357	239.9
729.728	239.7
730.100	234.3
730.471	234.6
730.843	231.7
731.214	228.4
731.586	229.9
731.957	226.4
732.329	228.6
732.701	228.2
733.072	221.3
733.444	220.9
733.816	219.5
734.187	218.2
734.559	215.2
734.931	215.6
735.303	212.4
735.675	211.0
736.046	211.3
736.418	208.0
736.790	208.1
737.162	204.2
737.534	203.6
737.906	201.2
738.278	200.6
738.650	202.2
739.022	201.1
739.394	196.6
739.766	193.9
740.138	194.7
740.510	192.2
740.882	190.5
741.254	186.9
741.627	187.9
741.999	186.7
742.371	184.9
742.743	185.4
743.115	182.9
743.488	185.2
743.860	181.1
744.232	181.4
744.605	178.6
744.977	178.7
745.349	176.4
745.722	175.1
746.094	172.6
746.466	173.5
746.839	173.3
747.211	170.2
747.584	169.1
747.956	167.3
748.329	169.6
748.701	166.1
749.074	166.4
749.447	163.8
749.819	161.5
750.192	163.9
750.565	164.0
750.937	164.4
751.310	160.7
751.683	159.5
752.055	159.6
752.428	155.7
752.801	155.0
753.174	153.7
753.546	151.9
753.919	151.9
754.292	153.0
754.665	151.4
755.038	152.2
755.411	153.1
755.784	148.9
756.157	147.8
756.530	148.1
756.903	147.2
757.276	143.8
757.649	144.5
758.022	144.4
758.395	143.8
758.768	142.5
759.141	140.4
759.514	140.6
759.887	140.7
760.261	140.1
760.634	137.5
761.007	137.6
761.380	134.8
761.754	137.5
762.127	134.9
762.500	134.8
762.873	133.6
763.247	136.5
763.620	135.5
763.994	137.2
764.367	132.9
764.740	132.8
765.114	130.2
765.487	128.4
765.861	132.3
766.234	128.7
766.608	128.5
766.981	129.3
767.355	129.4
767.729	127.6
768.102	126.1
768.476	126.7
768.849	126.5
769.223	127.6
769.597	124.5
769.970	124.7
770.344	123.9
770.718	124.6
771.092	120.8
771.466	121.1
771.839	122.9
772.213	123.4
772.587	122.3
772.961	123.3
773.335	121.1
773.709	120.2
774.083	118.2
774.457	119.4
774.831	119.1
775.204	115.5
775.579	120.3
775.953	115.8
776.327	116.2
776.701	118.0
777.075	116.9
777.449	117.5
777.823	116.2
778.197	116.1
778.571	113.7
778.945	115.7
779.320	119.8
779.694	115.0
780.068	117.3
780.442	114.4
780.817	112.2
781.191	112.9
781.565	112.6
781.940	114.1
782.314	114.3
782.688	112.2
783.063	111.8
783.437	114.2
783.812	110.9
784.186	111.6
784.561	112.0
784.935	111.4
785.310	111.1
785.684	111.4
786.059	110.0
786.433	111.8
786.808	109.6
787.183	111.3
787.557	107.8
787.932	108.8
788.307	109.9
788.681	109.7
789.056	108.5
789.431	108.6
789.806	106.8
790.180	108.1
790.555	108.2
790.930	108.8
791.305	111.2
791.680	107.1
792.054	107.5
792.429	106.7
792.804	106.9
793.179	105.8
793.554	106.1
793.929	106.7
794.304	107.0
794.679	105.7
795.054	106.3
795.429	105.2
795.804	107.5
796.179	106.1
796.555	105.7
796.930	104.0
797.305	103.8
797.680	105.0
798.055	105.3
798.430	105.1
798.806	105.9
799.181	104.2
799.556	105.1
799.931	105.9
800.307	105.3
800.682	104.3
801.057	103.3
801.433	103.3
801.808	104.2
802.184	104.3
802.559	103.0
802.934	101.8
803.310	105.2
803.685	104.0
804.061	103.8
804.436	102.6
804.812	104.9
805.187	103.4
805.563	100.6
805.939	103.1
806.314	101.7
806.690	102.4
807.065	101.6
807.441	101.9
807.817	100.9
808.193	101.9
808.568	103.0
808.944	100.6
809.320	100.9
809.696	99.2
810.071	102.0
810.447	103.1
810.823	103.7
811.199	103.6
811.575	107.7
811.951	103.4
812.327	102.2
812.703	101.6
813.079	100.1
813.454	100.8
813.830	103.6
814.206	100.6
814.583	97.2
814.959	98.3
815.335	102.4
815.711	99.8
816.087	99.3
816.463	98.9
816.839	99.5
817.215	98.1
817.591	97.3
817.968	97.0
818.344	101.5
818.720	98.5
819.096	98.9
819.473	98.3
819.849	100.7
820.225	98.6
820.602	97.3
820.978	100.2
821.354	99.5
821.731	96.8
822.107	101.2
822.484	97.4
822.860	96.9
823.236	98.4
823.613	98.5
823.989	97.2
824.366	98.8
824.743	98.1
825.119	97.9
825.496	98.0
825.872	97.0
826.249	97.3
826.626	96.6
827.002	96.8
827.379	97.5
827.756	98.4
828.132	96.8
828.509	99.0
828.886	95.3
829.262	98.0
829.639	95.7
830.016	98.2
830.393	98.2
830.770	98.7
831.147	98.0
831.523	95.3
831.900	97.1
832.277	95.0
832.654	96.7
833.031	96.0
833.408	96.1
833.785	97.4
834.162	98.4
834.539	97.2
834.916	96.0
835.293	96.7
835.670	98.4
836.047	98.3
836.425	96.6
836.802	96.4
837.179	97.6
837.556	94.6
837.933	97.2
838.310	96.1
838.688	96.5
839.065	92.9
839.442	98.1
839.819	95.0
840.197	96.7
840.574	95.1
840.951	98.5
841.329	97.2
841.706	96.7
842.083	96.1
842.461	97.1
842.838	97.7
843.216	97.9
843.593	95.8
843.971	95.9
844.348	98.6
844.726	95.2
845.103	95.9
845.481	95.0
845.858	93.4
846.236	97.0
846.614	96.0
846.991	95.5
847.369	94.6
847.747	96.6
848.124	97.7
848.502	95.5
848.880	95.7
849.257	95.4
849.635	95.2
850.013	95.2
850.391	94.7
850.768	95.6
851.146	94.8
851.524	98.2
851.902	95.3
852.280	94.4
852.658	97.4
853.036	96.4
853.414	96.9
853.792	95.9
854.170	95.3
854.548	95.0
854.926	95.7
855.304	94.2
855.682	95.0
856.060	97.4
856.438	96.5
856.816	96.5
857.194	95.7
857.572	93.2
857.950	97.4
858.328	96.6
858.707	96.0
859.085	96.1
859.463	98.5
859.841	96.2
860.220	96.9
860.598	96.2
860.976	97.4
861.354	94.5
861.733	96.2
862.111	97.1
862.489	96.6
862.868	95.1
863.246	97.1
863.625	97.3
864.003	96.5
864.382	96.9
864.760	97.7
865.139	97.0
865.517	99.3
865.896	96.6
866.274	96.9
866.653	94.9
867.031	97.4
867.410	96.4
867.788	96.1
868.167	99.7
868.546	96.0
868.924	96.2
869.303	96.3
869.682	96.7
870.061	95.6
870.439	96.9
870.818	98.7
871.197	96.7
871.576	97.0
871.954	96.5
872.333	95.9
872.712	95.1
873.091	94.6
873.470	95.8
873.849	96.0
874.228	95.1
874.606	94.9
874.985	95.7
875.364	93.4
875.743	99.1
876.122	97.2
876.501	96.5
876.880	96.8
877.259	97.4
877.639	97.9
878.018	95.6
878.397	99.3
878.776	97.4
879.155	95.6
879.534	95.8
879.913	96.5
880.293	97.1
880.672	96.5
881.051	97.3
881.430	97.2
881.809	93.5
882.189	96.6
882.568	98.4
882.947	97.7
883.327	96.9
883.706	97.2
884.085	96.6
884.465	95.6
884.844	96.3
885.224	95.3
885.603	98.5
885.982	94.8
886.362	96.9
886.741	95.4
887.121	95.2
887.500	95.7
887.880	96.6
888.259	96.4
888.639	93.7
889.019	97.2
889.398	98.4
889.778	96.2
890.157	98.0
890.537	98.9
890.917	93.1
891.296	97.8
891.676	97.1
892.056	95.9
892.436	99.0
892.815	98.0
893.195	97.1
893.575	94.9
893.955	96.7
894.335	97.0
894.714	97.1
895.094	97.0
895.474	98.9
895.854	97.3
896.234	96.3
896.614	97.6
896.994	97.1
897.374	96.8
897.754	94.5
898.134	98.0
898.514	96.3
898.894	96.5
899.274	96.6
899.654	96.5
900.034	96.7
900.414	97.0
900.794	96.9
901.174	98.4
901.554	96.3
901.935	96.2
902.315	96.7
902.695	97.3
903.075	96.6
903.455	96.7
903.836	98.4
904.216	95.9
904.596	98.7
904.977	96.8
905.357	98.4
905.737	95.9
