175.633	74.9
175.959	74.0
176.286	73.0
176.612	74.4
176.939	74.6
177.265	75.8
177.592	76.3
177.919	74.5
178.245	75.0
178.572	77.0
178.899	71.3
179.226	77.7
179.553	76.0
179.879	79.6
180.206	73.7
180.533	74.9
180.860	77.9
181.187	76.4
181.514	76.0
181.841	76.3
182.168	77.7
182.496	75.7
182.823	78.5
183.150	75.4
183.477	77.1
183.805	75.8
184.132	79.1
184.459	76.7
184.787	75.7
185.114	77.0
185.442	77.4
185.769	78.5
186.097	79.1
186.424	81.8
186.752	81.3
187.079	83.0
187.407	79.3
187.735	80.2
188.063	77.7
188.390	81.2
188.718	77.7
189.046	78.6
189.374	78.4
189.702	80.4
190.030	79.7
190.358	78.9
190.686	77.6
191.014	77.0
191.342	80.8
191.670	77.7
191.999	79.1
192.327	79.3
192.655	78.7
192.983	80.4
193.312	82.8
193.640	81.8
193.968	80.7
194.297	79.3
194.625	80.1
194.954	80.1
195.282	82.0
195.611	83.8
195.940	83.6
196.268	80.4
196.597	81.3
196.926	84.3
197.254	81.6
197.583	82.2
197.912	85.1
198.241	82.2
198.570	80.0
198.899	81.6
199.228	81.2
199.557	78.1
199.886	80.2
200.215	78.5
200.544	81.1
200.873	83.3
201.202	81.5
201.531	79.4
201.861	84.6
202.190	84.5
202.519	82.0
202.849	82.8
203.178	82.5
203.507	86.0
203.837	83.5
204.166	83.7
204.496	83.5
204.826	84.6
205.155	82.0
205.485	84.0
205.814	85.1
206.144	83.9
206.474	85.5
206.804	82.3
207.133	83.0
207.463	84.5
207.793	83.9
208.123	85.6
208.453	88.2
208.783	85.3
209.113	82.2
209.443	87.4
209.773	84.0
210.103	85.2
210.433	84.4
210.764	84.0
211.094	83.5
211.424	85.2
211.754	83.9
212.085	83.4
212.415	88.4
212.746	82.0
213.076	79.9
213.407	82.2
213.737	84.8
214.068	84.7
214.398	85.4
214.729	84.1
215.059	80.3
215.390	84.0
215.721	80.6
216.052	81.2
216.382	82.6
216.713	80.3
217.044	83.4
217.375	83.8
217.706	80.5
218.037	82.7
218.368	80.7
218.699	83.9
219.030	83.1
219.361	82.6
219.692	83.5
220.023	83.8
220.355	81.1
220.686	84.2
221.017	83.5
221.348	82.0
221.680	81.6
222.011	83.1
222.343	81.9
222.674	83.2
223.006	85.2
223.337	87.4
223.669	83.1
224.000	83.3
224.332	83.2
224.663	84.9
224.995	82.8
225.327	85.6
225.659	82.1
225.990	85.5
226.322	84.1
226.654	87.3
226.986	85.6
227.318	87.0
227.650	86.8
227.982	87.2
228.314	83.8
228.646	85.1
228.978	81.7
229.310	85.2
229.642	86.3
229.975	85.2
230.307	82.6
230.639	85.2
230.972	83.0
231.304	85.0
231.636	84.1
231.969	83.0
232.301	84.3
232.634	83.8
232.966	84.0
233.299	85.8
233.631	86.2
233.964	85.4
234.297	84.8
234.629	84.0
234.962	83.2
235.295	85.9
235.628	84.4
235.960	85.8
236.293	86.0
236.626	84.4
236.959	85.5
237.292	86.8
237.625	85.7
237.958	87.1
238.291	87.2
238.624	86.8
238.957	86.2
239.291	86.0
239.624	84.4
239.957	86.1
240.290	84.3
240.624	85.0
240.957	85.4
241.290	85.2
241.624	85.9
241.957	82.7
242.291	86.5
242.624	85.0
242.958	86.5
243.291	88.3
243.625	87.4
243.959	88.7
244.292	89.1
244.626	88.9
244.960	87.7
245.293	85.6
245.627	84.5
245.961	87.4
246.295	86.9
246.629	88.7
246.963	84.2
247.297	86.8
247.631	86.8
247.965	84.9
248.299	85.6
248.633	83.2
248.967	86.4
249.302	85.4
249.636	85.4
249.970	85.8
250.304	85.2
250.639	84.0
250.973	85.4
251.307	85.8
251.642	87.4
251.976	90.1
252.311	86.2
252.645	85.7
252.980	89.3
253.314	88.8
253.649	88.6
253.984	85.5
254.318	86.1
254.653	88.0
254.988	87.0
255.323	85.9
255.658	85.1
255.992	87.7
256.327	86.8
256.662	86.5
256.997	84.6
257.332	86.2
257.667	84.5
258.002	86.9
258.338	83.1
258.673	88.1
259.008	84.8
259.343	88.2
259.678	84.4
260.014	87.6
260.349	85.2
260.684	88.0
261.020	85.3
261.355	87.0
261.690	85.7
262.026	90.0
262.361	84.5
262.697	86.6
263.032	85.0
263.368	87.8
263.704	86.4
264.039	87.7
264.375	85.1
264.711	87.9
265.047	83.1
265.382	86.4
265.718	91.0
266.054	88.2
266.390	89.8
266.726	87.8
267.062	88.8
267.398	88.2
267.734	86.3
268.070	87.4
268.406	88.0
268.742	87.5
269.079	88.0
269.415	91.3
269.751	87.8
270.087	87.9
270.424	86.0
270.760	89.0
271.096	86.3
271.433	86.6
271.769	85.9
272.106	88.3
272.442	85.0
272.779	87.4
273.115	87.7
273.452	87.5
273.789	87.2
274.125	85.0
274.462	86.6
274.799	86.2
275.135	88.4
275.472	88.6
275.809	86.3
276.146	87.6
276.483	88.5
276.820	88.6
277.157	86.3
277.494	87.0
277.831	85.0
278.168	88.0
278.505	85.6
278.842	84.0
279.179	85.9
279.516	88.8
279.854	85.8
280.191	87.5
280.528	84.8
280.866	87.1
281.203	85.6
281.540	88.3
281.878	87.0
282.215	85.7
282.553	88.7
282.890	89.3
283.228	88.8
283.566	87.5
283.903	90.6
284.241	90.1
284.579	87.9
284.916	87.1
285.254	86.6
285.592	86.7
285.930	86.7
286.268	88.6
286.605	86.5
286.943	90.5
287.281	89.6
287.619	87.4
287.957	85.0
288.295	89.6
288.633	86.6
288.972	87.4
289.310	87.4
289.648	90.3
289.986	91.1
290.324	90.7
290.663	88.4
291.001	89.3
291.339	89.6
291.678	89.8
292.016	86.8
292.355	87.2
292.693	87.2
293.032	88.1
293.370	87.2
293.709	87.6
294.047	87.7
294.386	87.3
294.725	86.1
295.063	87.4
295.402	88.7
295.741	88.3
296.080	85.0
296.419	89.2
296.758	87.6
297.096	89.0
297.435	87.3
297.774	89.4
298.113	93.1
298.452	90.7
298.791	89.5
299.131	90.3
299.470	89.5
299.809	91.5
300.148	89.3
300.487	88.6
300.827	90.2
301.166	87.6
301.505	88.6
301.845	88.1
302.184	88.3
302.523	89.0
302.863	87.8
303.202	90.5
303.542	87.4
303.881	89.2
304.221	89.2
304.561	90.3
304.900	87.3
305.240	90.5
305.580	91.9
305.920	91.0
306.259	88.7
306.599	89.8
306.939	89.5
307.279	87.8
307.619	90.7
307.959	90.7
308.299	87.2
308.639	89.2
308.979	91.7
309.319	89.2
309.659	88.4
309.999	88.0
310.339	89.5
310.679	88.9
311.020	90.0
311.360	90.5
311.700	89.4
312.041	87.7
312.381	89.1
312.721	89.2
313.062	90.1
313.402	89.2
313.743	86.4
314.083	90.3
314.424	87.0
314.764	88.4
315.105	89.3
315.446	88.3
315.786	85.1
316.127	86.9
316.468	86.1
316.809	91.1
317.149	87.8
317.490	87.0
317.831	86.5
318.172	90.0
318.513	90.9
318.854	89.2
319.195	88.1
319.536	90.7
319.877	91.3
320.218	93.0
320.559	91.8
320.901	89.3
321.242	87.3
321.583	90.9
321.924	89.5
322.266	89.4
322.607	89.3
322.948	91.1
323.290	91.4
323.631	93.1
323.972	94.4
324.314	91.3
324.655	92.7
324.997	92.4
325.339	91.1
325.680	90.5
326.022	88.9
326.364	88.6
326.705	89.6
327.047	90.1
327.389	87.2
327.731	90.2
328.072	88.4
328.414	89.0
328.756	88.9
329.098	88.8
329.440	89.8
329.782	89.5
330.124	87.8
330.466	89.8
330.808	93.5
331.150	90.9
331.492	86.1
331.835	89.0
332.177	89.2
332.519	88.8
332.861	86.7
333.204	87.4
333.546	85.5
333.888	87.8
334.231	86.2
334.573	86.6
334.916	87.0
335.258	88.2
335.601	88.9
335.943	88.5
336.286	85.2
336.628	87.9
336.971	88.8
337.314	90.3
337.657	90.4
337.999	92.3
338.342	90.0
338.685	88.8
339.028	91.0
339.371	89.2
339.714	88.7
340.056	92.3
340.399	87.3
340.742	86.9
341.085	84.5
341.429	84.5
341.772	90.6
342.115	87.3
342.458	88.6
342.801	88.8
343.144	85.5
343.488	88.3
343.831	88.1
344.174	88.4
344.517	89.0
344.861	89.6
345.204	93.0
345.548	87.7
345.891	88.9
346.235	88.0
346.578	87.4
346.922	87.3
347.265	87.1
347.609	88.7
347.953	87.2
348.296	87.1
348.640	88.5
348.984	88.6
349.328	90.1
349.671	90.0
350.015	88.0
350.359	88.0
350.703	89.9
351.047	90.3
351.391	88.7
351.735	87.3
352.079	85.7
352.423	86.5
352.767	89.8
353.111	89.7
353.455	87.4
353.800	85.7
354.144	87.2
354.488	87.0
354.832	87.7
355.177	86.9
355.521	87.7
355.865	87.5
356.210	88.9
356.554	90.8
356.899	91.0
357.243	91.7
357.588	90.5
357.932	89.0
358.277	88.4
358.621	87.8
358.966	88.8
359.311	92.5
359.655	92.4
360.000	90.3
360.345	90.9
360.690	89.5
361.035	86.5
361.379	87.2
361.724	87.7
362.069	88.9
362.414	85.3
362.759	87.2
363.104	89.3
363.449	88.7
363.794	88.3
364.139	87.0
364.485	87.9
364.830	90.8
365.175	93.8
365.520	101.5
365.865	98.6
366.211	98.6
366.556	90.2
366.901	90.3
367.247	87.3
367.592	86.9
367.938	85.2
368.283	86.8
368.629	87.7
368.974	86.1
369.320	87.3
369.665	86.0
370.011	88.6
370.357	86.1
370.702	84.2
371.048	87.5
371.394	85.2
371.740	86.9
372.085	84.2
372.431	86.1
372.777	87.5
373.123	86.9
373.469	87.4
373.815	89.2
374.161	85.0
374.507	86.9
374.853	89.6
375.199	87.1
375.545	86.5
375.891	87.6
376.238	88.0
376.584	86.1
376.930	88.3
377.276	89.8
377.623	87.6
377.969	87.7
378.315	87.1
378.662	87.6
379.008	89.8
379.355	91.3
379.701	90.3
380.048	93.4
380.394	89.9
380.741	89.2
381.087	88.3
381.434	87.4
381.781	87.2
382.127	88.3
382.474	87.7
382.821	90.9
383.168	90.0
383.514	89.1
383.861	90.6
384.208	92.2
384.555	89.7
384.902	90.2
385.249	87.2
385.596	90.2
385.943	87.3
386.290	87.6
386.637	89.4
386.984	90.4
387.331	87.7
387.679	90.2
388.026	89.8
388.373	90.0
388.720	87.8
389.068	88.2
389.415	88.7
389.762	87.4
390.110	87.8
390.457	90.6
390.804	88.9
391.152	89.0
391.499	86.9
391.847	88.5
392.195	88.8
392.542	87.8
392.890	88.6
393.237	89.1
393.585	88.0
393.933	90.9
394.281	90.2
394.628	90.6
394.976	90.2
395.324	90.8
395.672	90.9
396.020	90.2
396.368	85.2
396.716	86.9
397.064	91.9
397.412	90.2
397.760	88.5
398.108	86.8
398.456	87.7
398.804	87.3
399.152	84.2
399.500	87.4
399.849	89.8
400.197	86.3
400.545	86.8
400.893	89.5
401.242	88.8
401.590	89.6
401.939	88.1
402.287	90.1
402.635	88.7
402.984	91.1
403.332	88.5
403.681	92.2
404.030	97.6
404.378	109.1
404.727	136.9
405.075	187.8
405.424	195.1
405.773	155.7
406.122	100.9
406.470	91.2
406.819	87.9
407.168	94.3
407.517	91.3
407.866	95.1
408.215	100.7
408.564	99.7
408.913	94.1
409.262	92.8
409.611	91.0
409.960	90.3
410.309	90.6
410.658	94.5
411.007	89.5
411.357	90.4
411.706	94.6
412.055	93.7
412.404	92.7
412.754	89.8
413.103	93.3
413.452	92.0
413.802	91.9
414.151	91.9
414.501	92.3
414.850	92.9
415.200	93.6
415.549	93.1
415.899	91.5
416.248	91.1
416.598	92.6
416.948	91.0
417.297	93.4
417.647	91.7
417.997	95.5
418.347	92.5
418.697	92.1
419.046	96.2
419.396	96.5
419.746	94.5
420.096	97.0
420.446	97.6
420.796	94.9
421.146	96.2
421.496	100.2
421.846	97.1
422.196	100.9
422.546	98.9
422.897	100.1
423.247	99.3
423.597	100.6
423.947	101.1
424.298	101.9
424.648	100.3
424.998	98.4
425.349	101.4
425.699	102.7
426.049	103.9
426.400	104.9
426.750	104.4
427.101	104.5
427.451	104.4
427.802	106.0
428.153	105.0
428.503	103.9
428.854	107.5
429.205	107.2
429.555	111.6
429.906	110.0
430.257	108.2
430.608	114.2
430.958	110.7
431.309	113.8
431.660	112.1
432.011	111.6
432.362	111.8
432.713	115.5
433.064	115.3
433.415	116.9
433.766	117.8
434.117	116.0
434.468	120.2
434.819	124.8
435.171	133.9
435.522	169.9
435.873	260.7
436.224	438.7
436.576	469.7
436.927	334.8
437.278	151.9
437.630	122.1
437.981	120.1
438.333	115.4
438.684	116.8
439.035	117.3
439.387	118.2
439.739	119.6
440.090	117.6
440.442	119.7
440.793	118.7
441.145	117.2
441.497	119.1
441.848	118.9
442.200	120.2
442.552	121.0
442.904	123.5
443.256	118.5
443.607	120.8
443.959	119.8
444.311	123.0
444.663	121.3
445.015	119.1
445.367	120.5
445.719	121.7
446.071	120.9
446.423	122.3
446.776	120.0
447.128	126.0
447.480	120.9
447.832	118.9
448.184	121.9
448.537	121.8
448.889	120.8
449.241	123.3
449.594	123.3
449.946	122.6
450.298	122.0
450.651	121.2
451.003	121.0
451.356	122.3
451.708	122.3
452.061	120.8
452.413	121.8
452.766	120.9
453.119	124.1
453.471	122.5
453.824	123.6
454.177	123.3
454.529	122.7
454.882	124.7
455.235	123.5
455.588	123.0
455.941	120.3
456.294	122.2
456.647	120.2
456.999	120.6
457.352	122.4
457.705	122.0
458.058	121.5
458.412	120.2
458.765	122.1
459.118	123.6
459.471	120.3
459.824	121.0
460.177	120.5
460.530	122.7
460.884	122.4
461.237	119.2
461.590	120.6
461.944	121.0
462.297	120.0
462.650	119.0
463.004	121.5
463.357	123.6
463.711	122.3
464.064	119.8
464.418	119.8
464.771	120.5
465.125	118.7
465.479	121.5
465.832	119.7
466.186	118.7
466.540	120.8
466.893	119.5
467.247	119.0
467.601	119.6
467.955	118.6
468.309	118.8
468.662	120.8
469.016	119.2
469.370	118.7
469.724	119.9
470.078	117.2
470.432	118.5
470.786	115.7
471.140	116.0
471.494	119.4
471.849	116.8
472.203	116.9
472.557	119.6
472.911	116.6
473.265	115.3
473.620	116.6
473.974	117.4
474.328	115.3
474.682	115.2
475.037	116.4
475.391	112.8
475.746	116.3
476.100	115.1
476.455	114.7
476.809	113.4
477.164	113.4
477.518	115.3
477.873	114.5
478.227	116.3
478.582	114.9
478.937	113.2
479.291	117.8
479.646	115.7
480.001	115.3
480.356	115.9
480.711	116.4
481.065	114.5
481.420	117.0
481.775	118.4
482.130	121.0
482.485	124.7
482.840	127.2
483.195	129.7
483.550	136.4
483.905	138.7
484.260	142.6
484.615	150.8
484.970	154.9
485.326	160.6
485.681	167.9
486.036	178.1
486.391	183.1
486.747	186.7
487.102	189.9
487.457	191.8
487.813	192.3
488.168	191.6
488.523	188.1
488.879	184.9
489.234	184.9
489.590	182.9
489.945	183.8
490.301	176.5
490.656	174.9
491.012	172.9
491.368	168.0
491.723	169.8
492.079	165.9
492.435	166.8
492.791	162.5
493.146	159.7
493.502	157.3
493.858	153.7
494.214	150.8
494.570	150.3
494.926	146.4
495.281	143.6
495.637	142.2
495.993	141.4
496.349	140.4
496.705	138.9
497.062	137.0
497.418	137.4
497.774	135.6
498.130	133.0
498.486	134.7
498.842	130.6
499.199	126.4
499.555	123.2
499.911	120.0
500.267	118.9
500.624	117.6
500.980	113.6
501.337	111.7
501.693	111.1
502.049	108.0
502.406	108.2
502.762	106.7
503.119	105.3
503.475	106.9
503.832	104.8
504.189	103.8
504.545	103.8
504.902	103.4
505.259	105.1
505.615	102.8
505.972	102.0
506.329	100.7
506.686	101.3
507.043	100.4
507.399	100.8
507.756	98.4
508.113	99.4
508.470	99.4
508.827	98.9
509.184	100.7
509.541	96.4
509.898	103.9
510.255	98.7
510.612	99.0
510.969	98.2
511.327	99.9
511.684	98.8
512.041	98.2
512.398	99.0
512.755	99.2
513.113	100.3
513.470	97.5
513.827	97.7
514.185	98.1
514.542	98.3
514.900	99.3
515.257	97.4
515.614	97.8
515.972	98.9
516.329	98.1
516.687	95.6
517.045	97.5
517.402	97.8
517.760	97.1
518.117	97.1
518.475	95.0
518.833	96.5
519.191	96.8
519.548	97.3
519.906	95.3
520.264	95.4
520.622	95.0
520.980	95.0
521.338	97.8
521.695	96.4
522.053	95.3
522.411	95.2
522.769	95.7
523.127	95.8
523.485	95.3
523.844	96.5
524.202	96.7
524.560	96.3
524.918	94.5
525.276	95.8
525.634	95.3
525.993	95.4
526.351	94.4
526.709	94.1
527.067	93.6
527.426	96.3
527.784	97.2
528.143	98.2
528.501	95.8
528.859	98.2
529.218	95.4
529.576	95.2
529.935	96.2
530.293	95.4
530.652	95.9
531.011	94.3
531.369	95.8
531.728	96.6
532.087	93.8
532.445	96.2
532.804	97.1
533.163	100.2
533.522	102.0
533.880	103.0
534.239	103.6
534.598	102.1
534.957	100.2
535.316	102.9
535.675	103.0
536.034	103.4
536.393	104.1
536.752	105.8
537.111	109.8
537.470	109.7
537.829	115.0
538.188	120.1
538.547	128.3
538.907	135.4
539.266	143.7
539.625	151.1
539.984	158.1
540.344	176.3
540.703	193.4
541.062	212.7
541.422	240.0
541.781	290.0
542.140	347.9
542.500	412.5
542.859	446.1
543.219	449.6
543.578	441.5
543.938	444.5
544.297	449.9
544.657	438.0
545.017	419.8
545.376	399.4
545.736	398.3
546.096	455.2
546.455	558.9
546.815	522.0
547.175	384.0
547.535	249.1
547.895	221.7
548.254	208.8
548.614	204.9
548.974	205.6
549.334	206.9
549.694	210.0
550.054	206.1
550.414	194.4
550.774	183.6
551.134	173.7
551.494	169.8
551.854	168.0
552.215	166.2
552.575	169.2
552.935	162.4
553.295	157.7
553.655	151.6
554.016	142.1
554.376	131.9
554.736	124.3
555.097	117.0
555.457	112.7
555.817	109.8
556.178	105.4
556.538	105.9
556.899	106.1
557.259	102.5
557.620	101.4
557.980	99.2
558.341	99.0
558.701	100.0
559.062	96.9
559.423	96.1
559.783	100.1
560.144	98.1
560.505	98.9
560.866	97.1
561.226	97.8
561.587	97.8
561.948	95.0
562.309	95.7
562.670	97.3
563.031	96.4
563.391	96.9
563.752	95.4
564.113	96.4
564.474	94.9
564.835	93.0
565.197	95.2
565.558	94.3
565.919	93.6
566.280	95.7
566.641	92.6
567.002	93.8
567.363	94.3
567.725	95.4
568.086	93.3
568.447	93.8
568.808	92.9
569.170	94.2
569.531	95.3
569.893	95.8
570.254	94.2
570.615	95.6
570.977	95.8
571.338	94.2
571.700	95.6
572.061	94.3
572.423	95.3
572.785	97.0
573.146	98.6
573.508	96.6
573.869	96.6
574.231	97.3
574.593	99.7
574.955	100.7
575.316	100.6
575.678	99.1
576.040	100.6
576.402	102.9
576.764	116.1
577.126	139.3
577.487	156.8
577.849	143.2
578.211	117.6
578.573	111.1
578.935	124.1
579.297	149.0
579.659	161.2
580.022	158.4
580.384	151.9
580.746	155.3
581.108	156.4
581.470	148.3
581.832	143.9
582.195	145.3
582.557	152.2
582.919	159.9
583.281	169.5
583.644	179.3
584.006	193.2
584.368	194.3
584.731	187.1
585.093	181.2
585.456	170.9
585.818	165.9
586.181	161.1
586.543	162.5
586.906	168.7
587.268	184.0
587.631	209.3
587.994	218.0
588.356	208.0
588.719	187.5
589.082	176.1
589.445	176.9
589.807	172.5
590.170	166.0
590.533	159.9
590.896	149.6
591.259	145.9
591.621	140.3
591.984	140.3
592.347	141.2
592.710	145.1
593.073	151.8
593.436	160.5
593.799	159.1
594.162	149.3
594.525	132.8
594.888	125.1
595.252	115.6
595.615	111.3
595.978	110.9
596.341	110.7
596.704	110.2
597.068	109.0
597.431	111.5
597.794	109.7
598.157	111.2
598.521	113.2
598.884	118.8
599.248	125.9
599.611	130.9
599.974	131.0
600.338	130.4
600.701	125.4
601.065	117.8
601.428	113.4
601.792	107.7
602.156	109.8
602.519	105.1
602.883	102.0
603.247	100.8
603.610	103.5
603.974	104.7
604.338	103.3
604.701	102.2
605.065	104.8
605.429	105.0
605.793	105.9
606.157	107.3
606.521	107.3
606.885	108.8
607.248	112.1
607.612	113.5
607.976	117.3
608.340	120.5
608.704	126.8
609.069	134.3
609.433	142.6
609.797	158.4
610.161	188.1
610.525	238.1
610.889	336.1
611.253	510.3
611.618	675.8
611.982	707.8
612.346	564.9
612.710	398.6
613.075	308.0
613.439	274.2
613.803	254.9
614.168	244.2
614.532	239.7
614.897	232.6
615.261	222.4
615.626	206.9
615.990	187.9
616.355	169.7
616.719	156.7
617.084	148.0
617.448	147.3
617.813	146.0
618.178	143.3
618.542	142.1
618.907	143.7
619.272	144.7
619.637	147.5
620.001	153.3
620.366	159.6
620.731	162.5
621.096	163.4
621.461	160.6
621.826	159.2
622.190	155.5
622.555	150.7
622.920	147.5
623.285	143.1
623.650	141.6
624.015	142.1
624.380	140.7
624.746	137.7
625.111	137.2
625.476	137.8
625.841	135.5
626.206	129.4
626.571	127.4
626.937	126.9
627.302	125.3
627.667	125.8
628.032	124.4
628.398	124.1
628.763	123.0
629.128	121.5
629.494	126.1
629.859	126.7
630.225	130.4
630.590	139.8
630.956	152.1
631.321	162.0
631.687	161.0
632.052	146.8
632.418	127.9
632.783	115.3
633.149	107.5
633.515	103.0
633.880	102.5
634.246	101.6
634.612	98.1
634.978	99.3
635.343	99.1
635.709	97.4
636.075	97.4
636.441	95.9
636.807	98.6
637.173	98.7
637.538	94.0
637.904	94.6
638.270	95.6
638.636	96.3
639.002	96.2
639.368	95.1
639.734	93.4
640.101	94.9
640.467	93.6
640.833	95.9
641.199	97.6
641.565	96.9
641.931	99.5
642.297	96.4
642.664	94.7
643.030	94.2
643.396	95.8
643.763	96.3
644.129	95.6
644.495	96.2
644.862	95.0
645.228	97.9
645.594	97.5
645.961	95.9
646.327	98.0
646.694	95.3
647.060	96.0
647.427	97.1
647.793	95.6
648.160	95.9
648.527	94.2
648.893	98.5
649.260	96.1
649.627	99.0
649.993	101.2
650.360	104.3
650.727	110.3
651.094	110.2
651.460	108.2
651.827	101.3
652.194	99.6
652.561	97.7
652.928	98.1
653.295	100.4
653.662	99.0
654.029	99.0
654.396	97.7
654.763	97.4
655.130	97.0
655.497	95.7
655.864	97.3
656.231	97.7
656.598	95.9
656.965	94.2
657.332	96.1
657.699	96.5
658.067	96.1
658.434	96.4
658.801	96.1
659.168	95.0
659.536	93.6
659.903	94.2
660.270	94.5
660.638	95.5
661.005	92.1
661.373	92.5
661.740	95.9
662.108	97.7
662.475	101.6
662.843	105.1
663.210	102.2
663.578	100.0
663.945	97.7
664.313	96.4
664.680	96.0
665.048	94.3
665.416	97.4
665.783	96.9
666.151	96.1
666.519	96.0
666.887	95.4
667.254	95.1
667.622	97.2
667.990	98.2
668.358	97.7
668.726	95.8
669.094	97.3
669.462	95.8
669.830	96.0
670.197	97.3
670.565	94.4
670.933	94.7
671.302	95.5
671.670	94.5
672.038	96.8
672.406	96.2
672.774	93.4
673.142	94.9
673.510	94.5
673.878	92.5
674.247	94.4
674.615	93.6
674.983	93.7
675.351	94.3
675.720	91.5
676.088	93.0
676.456	93.2
676.825	93.6
677.193	93.8
677.561	95.0
677.930	94.2
678.298	94.6
678.667	95.2
679.035	95.8
679.404	97.0
679.772	96.1
680.141	97.2
680.510	94.2
680.878	94.6
681.247	95.4
681.616	96.2
681.984	96.2
682.353	94.6
682.722	96.3
683.090	92.6
683.459	94.6
683.828	93.9
684.197	96.7
684.566	93.8
684.934	93.4
685.303	93.5
685.672	91.9
686.041	91.9
686.410	95.7
686.779	94.3
687.148	95.6
687.517	97.9
687.886	99.5
688.255	100.6
688.624	98.2
688.993	95.7
689.363	95.5
689.732	94.0
690.101	90.0
690.470	91.0
690.839	93.6
691.208	93.7
691.578	92.5
691.947	92.9
692.316	91.8
692.686	92.0
693.055	94.3
693.424	95.1
693.794	99.2
694.163	99.1
694.533	99.0
694.902	95.7
695.272	91.2
695.641	90.2
696.011	94.7
696.380	92.6
696.750	91.2
697.119	91.4
697.489	92.5
697.859	91.9
698.228	92.5
698.598	91.7
698.968	92.8
699.337	91.9
699.707	92.0
700.077	91.8
700.447	90.4
700.816	94.3
701.186	93.7
701.556	92.7
701.926	92.8
702.296	92.1
702.666	91.0
703.036	94.3
703.406	95.2
703.776	95.3
704.146	94.2
704.516	95.9
704.886	96.2
705.256	97.3
705.626	101.4
705.996	100.1
706.366	106.0
706.736	109.4
707.106	115.1
707.477	116.7
707.847	117.3
708.217	111.9
708.587	109.1
708.958	118.1
709.328	124.5
709.698	122.3
710.069	110.4
710.439	103.2
710.809	97.4
711.180	98.2
711.550	100.5
711.921	109.4
712.291	116.0
712.662	121.2
713.032	116.8
713.403	109.2
713.773	100.5
714.144	96.1
714.515	94.4
714.885	94.4
715.256	94.2
715.627	95.8
715.997	93.4
716.368	95.2
716.739	92.8
717.109	93.6
717.480	91.9
717.851	91.7
718.222	90.5
718.593	93.1
718.964	93.0
719.334	91.8
719.705	91.9
720.076	92.7
720.447	94.2
720.818	91.6
721.189	93.1
721.560	94.1
721.931	91.7
722.302	92.8
722.673	92.9
723.045	93.2
723.416	91.7
723.787	94.5
724.158	93.1
724.529	92.8
724.900	92.4
725.272	91.7
725.643	91.6
726.014	93.2
726.385	94.6
726.757	92.7
727.128	92.9
727.499	92.0
727.871	92.7
728.242	93.3
728.614	92.7
728.985	89.4
729.357	92.5
729.728	94.2
730.100	92.2
730.471	94.9
730.843	91.9
731.214	92.6
731.586	94.0
731.957	94.0
732.329	94.2
732.701	94.4
733.072	92.2
733.444	91.8
733.816	93.2
734.187	93.5
734.559	92.4
734.931	93.8
735.303	91.9
735.675	92.4
736.046	94.4
736.418	92.6
736.790	92.6
737.162	93.7
737.534	92.9
737.906	94.5
738.278	93.0
738.650	94.8
739.022	96.3
739.394	93.9
739.766	93.5
740.138	94.4
740.510	94.6
740.882	94.5
741.254	93.2
741.627	92.1
741.999	93.7
742.371	91.9
742.743	94.1
743.115	94.6
743.488	94.9
743.860	95.1
744.232	92.8
744.605	95.4
744.977	93.5
745.349	93.1
745.722	94.2
746.094	93.2
746.466	93.4
746.839	95.0
747.211	91.8
747.584	93.3
747.956	92.0
748.329	94.2
748.701	92.1
749.074	93.3
749.447	93.0
749.819	91.7
750.192	94.1
750.565	95.3
750.937	98.0
751.310	94.7
751.683	93.0
752.055	94.2
752.428	92.6
752.801	93.8
753.174	93.6
753.546	92.2
753.919	92.5
754.292	93.5
754.665	93.2
755.038	94.3
755.411	97.9
755.784	93.3
756.157	90.7
756.530	92.5
756.903	92.6
757.276	93.2
757.649	92.4
758.022	92.6
758.395	93.2
758.768	92.7
759.141	92.9
759.514	94.3
759.887	93.5
760.261	91.7
760.634	90.7
761.007	92.9
761.380	90.2
761.754	92.9
762.127	90.4
762.500	93.2
762.873	91.2
763.247	93.1
763.620	95.0
763.994	97.1
764.367	93.1
764.740	95.0
765.114	91.1
765.487	92.5
765.861	94.9
766.234	92.2
766.608	91.4
766.981	92.4
767.355	94.1
767.729	93.6
768.102	91.9
768.476	93.3
768.849	93.4
769.223	93.8
769.597	92.6
769.970	94.2
770.344	92.4
770.718	92.2
771.092	91.5
771.466	92.3
771.839	93.1
772.213	94.6
772.587	91.9
772.961	91.6
773.335	92.5
773.709	92.0
774.083	91.7
774.457	91.6
774.831	93.6
775.204	92.3
775.579	93.8
775.953	90.9
776.327	90.8
776.701	91.9
777.075	91.9
777.449	91.3
777.823	90.9
778.197	91.8
778.571	92.1
778.945	92.7
779.320	94.7
779.694	94.7
780.068	94.8
780.442	91.5
780.817	92.3
781.191	93.5
781.565	93.2
781.940	93.7
782.314	92.7
782.688	92.7
783.063	92.1
783.437	94.6
783.812	93.4
784.186	93.4
784.561	93.9
784.935	93.7
785.310	92.0
785.684	93.9
786.059	92.0
786.433	94.5
786.808	94.0
787.183	92.3
787.557	92.9
787.932	94.5
788.307	93.6
788.681	93.4
789.056	93.4
789.431	94.5
789.806	93.8
790.180	91.6
790.555	92.7
790.930	94.5
791.305	96.5
791.680	93.3
792.054	92.7
792.429	93.4
792.804	91.3
793.179	92.5
793.554	92.9
793.929	92.8
794.304	94.2
794.679	91.3
795.054	93.6
795.429	91.4
795.804	93.4
796.179	93.6
796.555	94.2
796.930	93.4
797.305	91.1
797.680	93.2
798.055	93.5
798.430	94.2
798.806	92.7
799.181	94.0
799.556	93.5
799.931	94.6
800.307	93.5
800.682	93.6
801.057	91.8
801.433	94.1
801.808	92.9
802.184	94.4
802.559	92.2
802.934	92.3
803.310	96.5
803.685	92.1
804.061	92.5
804.436	92.1
804.812	93.3
805.187	93.0
805.563	90.7
805.939	93.8
806.314	92.4
806.690	92.4
807.065	92.3
807.441	93.8
807.817	93.2
808.193	93.8
808.568	94.6
808.944	94.0
809.320	91.5
809.696	90.4
810.071	92.9
810.447	95.2
810.823	96.3
811.199	96.7
811.575	99.3
811.951	96.3
812.327	94.7
812.703	94.9
813.079	92.8
813.454	92.8
813.830	95.6
814.206	92.8
814.583	91.4
814.959	91.4
815.335	95.0
815.711	93.8
816.087	91.7
816.463	92.1
816.839	93.6
817.215	92.3
817.591	91.2
817.968	91.6
818.344	95.3
818.720	92.8
819.096	94.5
819.473	93.3
819.849	95.4
820.225	94.5
820.602	93.1
820.978	95.6
821.354	92.5
821.731	94.5
822.107	96.3
822.484	93.0
822.860	92.5
823.236	94.0
823.613	93.2
823.989	94.2
824.366	95.6
824.743	94.8
825.119	95.2
825.496	93.5
825.872	93.0
826.249	96.2
826.626	93.8
827.002	92.5
827.379	93.8
827.756	95.0
828.132	94.0
828.509	97.0
828.886	93.9
829.262	92.5
829.639	93.9
830.016	94.2
830.393	93.2
830.770	96.7
831.147	95.0
831.523	93.4
831.900	94.1
832.277	92.8
832.654	92.9
833.031	93.9
833.408	93.3
833.785	94.7
834.162	94.7
834.539	95.6
834.916	94.0
835.293	93.0
835.670	95.1
836.047	95.6
836.425	93.8
836.802	94.8
837.179	95.3
837.556	93.3
837.933	94.4
838.310	95.1
838.688	94.3
839.065	92.4
839.442	95.8
839.819	92.6
840.197	95.0
840.574	95.6
840.951	96.8
841.329	95.4
841.706	94.3
842.083	93.2
842.461	95.5
842.838	95.6
843.216	94.8
843.593	94.3
843.971	95.1
844.348	96.5
844.726	93.9
845.103	93.7
845.481	92.9
845.858	92.9
846.236	94.1
846.614	94.0
846.991	94.7
847.369	93.2
847.747	95.6
848.124	96.4
848.502	95.0
848.880	94.1
849.257	94.9
849.635	95.9
850.013	94.4
850.391	93.5
850.768	93.2
851.146	92.4
851.524	96.6
851.902	94.2
852.280	93.9
852.658	96.3
853.036	95.6
853.414	95.1
853.792	95.5
854.170	96.8
854.548	93.0
854.926	94.7
855.304	92.7
855.682	94.2
856.060	95.7
856.438	93.3
856.816	93.9
857.194	93.1
857.572	94.8
857.950	93.8
858.328	95.2
858.707	95.2
859.085	95.4
859.463	96.6
859.841	94.5
860.220	97.0
860.598	95.2
860.976	96.3
861.354	93.6
861.733	94.8
862.111	96.9
862.489	96.2
862.868	95.3
863.246	97.1
863.625	96.8
864.003	95.7
864.382	96.7
864.760	97.3
865.139	95.5
865.517	98.3
865.896	96.2
866.274	97.0
866.653	93.1
867.031	93.2
867.410	97.2
867.788	93.7
868.167	98.9
868.546	96.0
868.924	95.4
869.303	96.9
869.682	95.2
870.061	94.6
870.439	96.3
870.818	97.4
871.197	96.4
871.576	96.4
871.954	94.3
872.333	96.5
872.712	93.6
873.091	95.7
873.470	94.8
873.849	95.7
874.228	94.8
874.606	95.1
874.985	93.7
875.364	93.0
875.743	98.3
876.122	96.5
876.501	95.0
876.880	94.7
877.259	95.8
877.639	96.1
878.018	94.4
878.397	96.1
878.776	96.5
879.155	95.4
879.534	93.8
879.913	95.1
880.293	97.7
880.672	95.8
881.051	94.7
881.430	96.5
881.809	93.8
882.189	95.8
882.568	95.9
882.947	97.2
883.327	95.6
883.706	94.9
884.085	95.8
884.465	94.8
884.844	97.2
885.224	93.9
885.603	97.0
885.982	92.7
886.362	96.3
886.741	94.1
887.121	93.6
887.500	95.1
887.880	96.7
888.259	96.4
888.639	93.2
889.019	95.6
889.398	95.6
889.778	94.8
890.157	97.2
890.537	97.7
890.917	94.0
891.296	95.6
891.676	96.1
892.056	97.6
892.436	96.5
892.815	97.6
893.195	96.7
893.575	94.5
893.955	95.4
894.335	95.0
894.714	97.8
895.094	97.2
895.474	97.0
895.854	95.0
896.234	96.8
896.614	94.4
896.994	96.5
897.374	96.5
897.754	94.2
898.134	97.1
898.514	95.9
898.894	95.9
899.274	95.3
899.654	95.3
900.034	95.9
900.414	96.9
900.794	96.3
901.174	96.5
901.554	95.9
901.935	96.2
902.315	95.9
902.695	97.3
903.075	95.2
903.455	97.4
903.836	97.8
904.216	94.6
904.596	97.4
904.977	96.5
905.357	96.8
905.737	97.2
