175.633	75.5
175.959	75.1
176.286	76.1
176.612	74.9
176.939	76.2
177.265	78.4
177.592	76.8
177.919	77.3
178.245	77.1
178.572	78.2
178.899	72.9
179.226	79.5
179.553	79.3
179.879	79.7
180.206	76.9
180.533	77.3
180.860	79.8
181.187	75.5
181.514	78.4
181.841	77.1
182.168	78.2
182.496	77.4
182.823	82.3
183.150	78.7
183.477	78.5
183.805	80.4
184.132	80.9
184.459	78.6
184.787	76.7
185.114	80.9
185.442	81.2
185.769	78.4
186.097	80.5
186.424	83.9
186.752	83.6
187.079	83.2
187.407	82.0
187.735	83.1
188.063	78.6
188.390	80.1
188.718	79.9
189.046	80.7
189.374	79.7
189.702	81.1
190.030	80.5
190.358	79.3
190.686	79.1
191.014	80.2
191.342	81.5
191.670	78.8
191.999	80.0
192.327	81.3
192.655	81.6
192.983	81.1
193.312	85.2
193.640	82.7
193.968	81.1
194.297	80.1
194.625	82.9
194.954	81.3
195.282	84.4
195.611	85.6
195.940	84.9
196.268	81.9
196.597	82.4
196.926	85.0
197.254	84.0
197.583	83.8
197.912	86.6
198.241	85.6
198.570	80.9
198.899	84.0
199.228	84.2
199.557	81.3
199.886	82.9
200.215	80.1
200.544	84.1
200.873	84.4
201.202	84.1
201.531	81.7
201.861	87.3
202.190	86.2
202.519	83.7
202.849	85.8
203.178	85.1
203.507	87.3
203.837	85.5
204.166	85.9
204.496	86.2
204.826	86.4
205.155	85.4
205.485	86.8
205.814	86.4
206.144	84.4
206.474	87.0
206.804	84.9
207.133	85.7
207.463	86.6
207.793	86.2
208.123	87.1
208.453	88.2
208.783	88.9
209.113	85.9
209.443	88.1
209.773	85.9
210.103	88.1
210.433	87.0
210.764	85.1
211.094	84.9
211.424	87.1
211.754	85.8
212.085	85.8
212.415	91.0
212.746	83.4
213.076	82.4
213.407	83.2
213.737	88.2
214.068	86.4
214.398	86.4
214.729	85.8
215.059	83.1
215.390	86.1
215.721	81.9
216.052	83.8
216.382	83.8
216.713	81.9
217.044	84.7
217.375	85.9
217.706	83.5
218.037	85.9
218.368	83.2
218.699	85.6
219.030	84.6
219.361	84.8
219.692	85.5
220.023	86.0
220.355	83.8
220.686	85.7
221.017	85.4
221.348	83.9
221.680	84.1
222.011	84.5
222.343	83.2
222.674	85.3
223.006	88.5
223.337	89.8
223.669	86.1
224.000	84.7
224.332	86.9
224.663	86.9
224.995	84.1
225.327	86.6
225.659	83.3
225.990	86.5
226.322	86.9
226.654	89.3
226.986	88.6
227.318	90.3
227.650	87.8
227.982	88.4
228.314	86.4
228.646	87.7
228.978	84.2
229.310	87.3
229.642	89.1
229.975	88.1
230.307	84.6
230.639	85.7
230.972	85.6
231.304	86.9
231.636	86.9
231.969	85.1
232.301	86.7
232.634	86.8
232.966	87.4
233.299	85.9
233.631	88.7
233.964	88.2
234.297	87.8
234.629	87.8
234.962	87.3
235.295	87.7
235.628	87.2
235.960	87.4
236.293	87.1
236.626	87.4
236.959	88.4
237.292	90.6
237.625	88.2
237.958	89.0
238.291	89.5
238.624	89.9
238.957	87.6
239.291	88.4
239.624	86.9
239.957	87.3
240.290	87.3
240.624	90.6
240.957	89.1
241.290	87.2
241.624	89.2
241.957	86.4
242.291	87.9
242.624	86.8
242.958	89.8
243.291	91.4
243.625	89.8
243.959	90.9
244.292	91.5
244.626	92.0
244.960	89.5
245.293	87.1
245.627	87.0
245.961	90.1
246.295	88.4
246.629	91.4
246.963	86.9
247.297	89.5
247.631	88.0
247.965	88.1
248.299	88.2
248.633	86.9
248.967	89.5
249.302	89.0
249.636	88.4
249.970	89.2
250.304	87.3
250.639	86.3
250.973	88.4
251.307	89.8
251.642	89.5
251.976	91.9
252.311	88.7
252.645	89.9
252.980	93.3
253.314	90.4
253.649	91.8
253.984	87.5
254.318	87.0
254.653	91.3
254.988	89.9
255.323	86.9
255.658	86.9
255.992	90.9
256.327	90.7
256.662	88.6
256.997	87.0
257.332	90.6
257.667	87.4
258.002	89.7
258.338	86.2
258.673	90.3
259.008	88.4
259.343	90.2
259.678	88.0
260.014	89.2
260.349	87.7
260.684	91.2
261.020	87.9
261.355	89.8
261.690	88.0
262.026	91.3
262.361	88.7
262.697	88.8
263.032	88.2
263.368	90.5
263.704	88.1
264.039	90.1
264.375	87.3
264.711	90.8
265.047	85.8
265.382	89.3
265.718	94.2
266.054	90.1
266.390	92.4
266.726	89.0
267.062	92.0
267.398	91.3
267.734	88.5
268.070	92.0
268.406	90.9
268.742	90.6
269.079	90.7
269.415	93.4
269.751	90.6
270.087	90.8
270.424	89.1
270.760	91.9
271.096	87.5
271.433	90.0
271.769	88.6
272.106	90.4
272.442	88.9
272.779	91.7
273.115	91.0
273.452	89.8
273.789	91.7
274.125	88.6
274.462	89.2
274.799	90.9
275.135	90.8
275.472	90.5
275.809	89.7
276.146	90.0
276.483	90.9
276.820	89.4
277.157	90.3
277.494	88.9
277.831	89.5
278.168	90.7
278.505	87.1
278.842	88.3
279.179	87.8
279.516	91.1
279.854	89.0
280.191	91.3
280.528	88.4
280.866	89.5
281.203	89.1
281.540	90.4
281.878	88.9
282.215	91.3
282.553	91.4
282.890	91.5
283.228	91.4
283.566	90.6
283.903	93.7
284.241	93.4
284.579	91.8
284.916	93.1
285.254	89.7
285.592	89.1
285.930	90.3
286.268	92.5
286.605	90.2
286.943	92.3
287.281	93.7
287.619	92.1
287.957	87.9
288.295	93.3
288.633	91.8
288.972	90.9
289.310	91.3
289.648	94.2
289.986	94.9
290.324	93.0
290.663	90.6
291.001	93.8
291.339	93.8
291.678	93.5
292.016	91.4
292.355	90.8
292.693	89.2
293.032	91.1
293.370	91.4
293.709	93.1
294.047	90.9
294.386	91.3
294.725	90.1
295.063	91.5
295.402	91.8
295.741	91.5
296.080	87.3
296.419	92.2
296.758	92.0
297.096	93.6
297.435	89.4
297.774	93.2
298.113	96.0
298.452	93.3
298.791	94.1
299.131	94.2
299.470	93.0
299.809	94.7
300.148	90.8
300.487	90.7
300.827	93.4
301.166	89.9
301.505	92.8
301.845	93.7
302.184	91.2
302.523	91.7
302.863	90.6
303.202	92.6
303.542	90.3
303.881	91.9
304.221	93.6
304.561	94.7
304.900	91.1
305.240	94.5
305.580	95.1
305.920	93.1
306.259	93.1
306.599	93.7
306.939	93.2
307.279	93.7
307.619	94.6
307.959	93.0
308.299	92.0
308.639	91.4
308.979	96.0
309.319	93.3
309.659	93.8
309.999	92.1
310.339	92.6
310.679	93.3
311.020	92.4
311.360	94.5
311.700	92.4
312.041	92.5
312.381	91.4
312.721	93.0
313.062	94.6
313.402	92.8
313.743	89.0
314.083	93.8
314.424	90.1
314.764	91.7
315.105	92.8
315.446	92.8
315.786	88.0
316.127	91.3
316.468	90.5
316.809	92.8
317.149	90.8
317.490	91.2
317.831	91.2
318.172	91.6
318.513	93.9
318.854	93.8
319.195	91.5
319.536	94.9
319.877	96.3
320.218	96.9
320.559	95.0
320.901	93.3
321.242	90.9
321.583	92.7
321.924	93.7
322.266	92.8
322.607	93.7
322.948	93.6
323.290	93.5
323.631	95.6
323.972	96.7
324.314	94.5
324.655	96.2
324.997	96.6
325.339	95.3
325.680	93.8
326.022	91.8
326.364	92.6
326.705	91.9
327.047	92.8
327.389	91.2
327.731	92.6
328.072	90.2
328.414	92.8
328.756	93.8
329.098	91.6
329.440	94.0
329.782	92.9
330.124	92.6
330.466	94.1
330.808	96.7
331.150	94.1
331.492	90.4
331.835	93.9
332.177	93.1
332.519	91.8
332.861	89.5
333.204	90.7
333.546	89.4
333.888	91.4
334.231	91.7
334.573	91.5
334.916	91.8
335.258	92.6
335.601	92.8
335.943	91.2
336.286	90.3
336.628	89.7
336.971	92.8
337.314	93.8
337.657	93.3
337.999	95.1
338.342	93.9
338.685	93.9
339.028	95.3
339.371	94.5
339.714	93.8
340.056	94.6
340.399	92.4
340.742	90.5
341.085	88.8
341.429	88.2
341.772	94.8
342.115	91.0
342.458	91.8
342.801	92.4
343.144	89.4
343.488	93.3
343.831	91.4
344.174	92.5
344.517	93.6
344.861	93.7
345.204	97.5
345.548	92.5
345.891	93.2
346.235	91.6
346.578	90.9
346.922	92.8
347.265	91.3
347.609	92.3
347.953	90.3
348.296	91.2
348.640	92.9
348.984	94.2
349.328	93.5
349.671	95.8
350.015	93.7
350.359	91.4
350.703	92.7
351.047	94.4
351.391	91.6
351.735	92.0
352.079	89.7
352.423	90.7
352.767	93.5
353.111	93.8
353.455	93.3
353.800	89.9
354.144	91.1
354.488	92.8
354.832	92.0
355.177	89.9
355.521	91.6
355.865	92.0
356.210	93.3
356.554	94.1
356.899	94.7
357.243	97.4
357.588	93.8
357.932	94.1
358.277	93.2
358.621	92.8
358.966	91.9
359.311	96.4
359.655	96.7
360.000	94.9
360.345	94.2
360.690	93.3
361.035	91.4
361.379	91.3
361.724	94.0
362.069	92.4
362.414	87.7
362.759	91.6
363.104	93.6
363.449	92.4
363.794	93.0
364.139	93.1
364.485	92.9
364.830	95.1
365.175	100.9
365.520	108.8
365.865	108.0
366.211	104.1
366.556	95.3
366.901	95.5
367.247	91.4
367.592	91.9
367.938	90.6
368.283	91.5
368.629	91.7
368.974	91.8
369.320	92.4
369.665	88.3
370.011	92.3
370.357	90.9
370.702	89.2
371.048	91.5
371.394	91.8
371.740	92.1
372.085	88.7
372.431	89.6
372.777	93.2
373.123	90.1
373.469	91.5
373.815	93.2
374.161	91.0
374.507	92.1
374.853	94.7
375.199	90.2
375.545	91.3
375.891	91.8
376.238	91.6
376.584	91.7
376.930	91.8
377.276	94.3
377.623	92.3
377.969	92.3
378.315	93.8
378.662	91.4
379.008	92.5
379.355	95.7
379.701	95.5
380.048	97.6
380.394	95.5
380.741	95.1
381.087	95.3
381.434	93.2
381.781	93.4
382.127	93.4
382.474	92.3
382.821	95.3
383.168	95.0
383.514	93.8
383.861	94.8
384.208	95.8
384.555	93.9
384.902	94.0
385.249	92.0
385.596	94.8
385.943	90.6
386.290	92.8
386.637	92.7
386.984	94.8
387.331	92.5
387.679	95.1
388.026	95.5
388.373	96.0
388.720	94.0
389.068	92.6
389.415	91.2
389.762	91.6
390.110	95.4
390.457	95.4
390.804	93.7
391.152	92.2
391.499	92.1
391.847	93.6
392.195	92.5
392.542	93.3
392.890	93.9
393.237	93.4
393.585	94.7
393.933	97.0
394.281	95.0
394.628	96.2
394.976	95.9
395.324	96.5
395.672	96.3
396.020	96.4
396.368	90.2
396.716	94.0
397.064	97.6
397.412	94.9
397.760	93.4
398.108	92.7
398.456	94.3
398.804	93.8
399.152	91.6
399.500	92.7
399.849	96.8
400.197	94.9
400.545	93.6
400.893	96.2
401.242	96.2
401.590	97.1
401.939	96.2
402.287	97.5
402.635	95.7
402.984	98.8
403.332	97.1
403.681	100.8
404.030	104.7
404.378	122.3
404.727	154.8
405.075	215.9
405.424	223.9
405.773	179.9
406.122	113.5
406.470	101.4
406.819	99.8
407.168	105.3
407.517	105.1
407.866	108.8
408.215	115.2
408.564	116.3
408.913	110.7
409.262	108.8
409.611	106.8
409.960	106.9
410.309	109.4
410.658	113.9
411.007	111.5
411.357	111.8
411.706	118.4
412.055	120.2
412.404	120.1
412.754	118.2
413.103	123.5
413.452	126.3
413.802	126.2
414.151	129.0
414.501	133.2
414.850	133.4
415.200	137.3
415.549	141.3
415.899	142.1
416.248	144.2
416.598	149.6
416.948	150.3
417.297	155.6
417.647	157.3
417.997	163.4
418.347	163.8
418.697	168.8
419.046	175.0
419.396	181.7
419.746	183.8
420.096	191.4
420.446	195.9
420.796	198.4
421.146	205.6
421.496	211.7
421.846	215.5
422.196	224.3
422.546	227.5
422.897	232.9
423.247	241.0
423.597	249.2
423.947	255.8
424.298	263.0
424.648	268.4
424.998	274.4
425.349	284.8
425.699	291.1
426.049	304.0
426.400	313.3
426.750	322.8
427.101	330.4
427.451	341.3
427.802	351.0
428.153	361.8
428.503	369.8
428.854	387.3
429.205	396.6
429.555	412.3
429.906	421.2
430.257	432.3
430.608	454.7
430.958	462.6
431.309	480.7
431.660	493.4
432.011	510.0
432.362	527.1
432.713	542.5
433.064	558.0
433.415	578.9
433.766	600.8
434.117	619.1
434.468	644.7
434.819	665.1
435.171	696.9
435.522	766.0
435.873	897.2
436.224	1141.3
436.576	1195.8
436.927	1059.7
437.278	875.0
437.630	854.2
437.981	874.5
438.333	895.2
438.684	922.2
439.035	947.6
439.387	980.8
439.739	1015.3
440.090	1048.5
440.442	1079.9
440.793	1127.7
441.145	1169.9
441.497	1216.9
441.848	1270.2
442.200	1323.0
442.552	1380.7
442.904	1446.8
443.256	1513.7
443.607	1564.7
443.959	1628.2
444.311	1691.8
444.663	1757.8
445.015	1829.5
445.367	1909.0
445.719	1980.5
446.071	2062.2
446.423	2140.0
446.776	2229.2
447.128	2319.6
447.480	2411.6
447.832	2487.3
448.184	2581.9
448.537	2678.6
448.889	2779.6
449.241	2881.8
449.594	2968.1
449.946	3061.9
450.298	3143.1
450.651	3232.0
451.003	3299.9
451.356	3416.5
451.708	3457.3
452.061	3529.7
452.413	3599.7
452.766	3661.3
453.119	3706.1
453.471	3732.0
453.824	3782.3
454.177	3809.1
454.529	3826.5
454.882	3850.5
455.235	3839.6
455.588	3827.1
455.941	3825.5
456.294	3766.5
456.647	3766.2
456.999	3713.6
457.352	3680.0
457.705	3645.8
458.058	3576.2
458.412	3513.2
458.765	3466.6
459.118	3407.1
459.471	3324.8
459.824	3284.5
460.177	3192.7
460.530	3152.2
460.884	3068.6
461.237	3015.4
461.590	2945.5
461.944	2887.2
462.297	2847.5
462.650	2768.3
463.004	2733.7
463.357	2703.1
463.711	2648.7
464.064	2616.2
464.418	2583.7
464.771	2553.5
465.125	2517.5
465.479	2494.6
465.832	2468.1
466.186	2439.5
466.540	2439.0
466.893	2401.3
467.247	2387.5
467.601	2358.7
467.955	2351.3
468.309	2342.0
468.662	2319.8
469.016	2297.5
469.370	2278.9
469.724	2241.8
470.078	2223.3
470.432	2212.9
470.786	2185.4
471.140	2161.3
471.494	2135.6
471.849	2115.5
472.203	2075.6
472.557	2061.3
472.911	2028.0
473.265	1998.2
473.620	1963.9
473.974	1935.0
474.328	1906.8
474.682	1875.3
475.037	1841.8
475.391	1813.2
475.746	1798.4
476.100	1773.4
476.455	1735.0
476.809	1718.4
477.164	1681.5
477.518	1670.1
477.873	1644.0
478.227	1624.2
478.582	1617.3
478.937	1590.9
479.291	1580.3
479.646	1572.9
480.001	1562.7
480.356	1553.2
480.711	1545.1
481.065	1542.6
481.420	1530.8
481.775	1532.5
482.130	1534.1
482.485	1539.7
482.840	1538.3
483.195	1544.7
483.550	1549.0
483.905	1548.6
484.260	1560.5
484.615	1577.1
484.970	1584.7
485.326	1604.5
485.681	1605.1
486.036	1632.3
486.391	1634.3
486.747	1646.8
487.102	1651.0
487.457	1669.3
487.813	1674.8
488.168	1676.5
488.523	1671.6
488.879	1673.7
489.234	1683.8
489.590	1688.5
489.945	1692.1
490.301	1688.2
490.656	1698.4
491.012	1705.5
491.368	1698.7
491.723	1707.5
492.079	1722.2
492.435	1723.9
492.791	1733.2
493.146	1736.3
493.502	1739.3
493.858	1737.2
494.214	1751.1
494.570	1750.4
494.926	1764.0
495.281	1761.7
495.637	1778.3
495.993	1774.9
496.349	1776.8
496.705	1787.2
497.062	1802.8
497.418	1813.5
497.774	1821.6
498.130	1827.7
498.486	1840.2
498.842	1853.9
499.199	1838.9
499.555	1859.4
499.911	1866.0
500.267	1877.8
500.624	1877.4
500.980	1883.8
501.337	1891.7
501.693	1901.8
502.049	1914.1
502.406	1926.7
502.762	1916.3
503.119	1924.9
503.475	1934.3
503.832	1943.2
504.189	1948.3
504.545	1952.5
504.902	1966.0
505.259	1969.9
505.615	1975.5
505.972	1974.5
506.329	1978.4
506.686	1993.8
507.043	1983.0
507.399	2008.4
507.756	1998.7
508.113	2000.5
508.470	2021.1
508.827	2026.6
509.184	2013.2
509.541	2021.2
509.898	2038.0
510.255	2018.9
510.612	2037.1
510.969	2045.9
511.327	2045.7
511.684	2046.2
512.041	2043.1
512.398	2054.3
512.755	2050.0
513.113	2057.9
513.470	2062.4
513.827	2047.2
514.185	2047.1
514.542	2054.0
514.900	2064.3
515.257	2058.3
515.614	2053.8
515.972	2064.3
516.329	2060.2
516.687	2075.6
517.045	2059.3
517.402	2044.6
517.760	2062.2
518.117	2066.5
518.475	2076.0
518.833	2066.9
519.191	2068.3
519.548	2073.5
519.906	2069.6
520.264	2065.1
520.622	2064.3
520.980	2069.9
521.338	2072.2
521.695	2076.0
522.053	2074.6
522.411	2072.5
522.769	2075.0
523.127	2079.7
523.485	2071.5
523.844	2073.5
524.202	2089.5
524.560	2078.5
524.918	2074.6
525.276	2095.6
525.634	2075.1
525.993	2082.9
526.351	2082.0
526.709	2089.6
527.067	2078.1
527.426	2082.0
527.784	2093.8
528.143	2097.9
528.501	2096.7
528.859	2094.0
529.218	2109.0
529.576	2103.0
529.935	2097.4
530.293	2096.8
530.652	2117.1
531.011	2107.3
531.369	2116.9
531.728	2130.9
532.087	2112.0
532.445	2123.8
532.804	2135.7
533.163	2139.1
533.522	2152.4
533.880	2137.8
534.239	2132.4
534.598	2161.7
534.957	2159.7
535.316	2157.2
535.675	2164.7
536.034	2181.7
536.393	2183.3
536.752	2182.8
537.111	2195.3
537.470	2200.8
537.829	2199.1
538.188	2217.1
538.547	2237.1
538.907	2261.4
539.266	2269.2
539.625	2271.7
539.984	2292.6
540.344	2325.9
540.703	2346.9
541.062	2372.5
541.422	2410.2
541.781	2477.1
542.140	2532.6
542.500	2626.3
542.859	2671.6
543.219	2674.7
543.578	2669.6
543.938	2688.7
544.297	2692.0
544.657	2689.8
545.017	2683.8
545.376	2656.2
545.736	2668.1
546.096	2751.4
546.455	2866.8
546.815	2819.9
547.175	2692.5
547.535	2535.2
547.895	2523.0
548.254	2496.3
548.614	2516.1
548.974	2526.2
549.334	2545.4
549.694	2549.1
550.054	2526.7
550.414	2544.2
550.774	2546.4
551.134	2543.0
551.494	2545.2
551.854	2562.4
552.215	2560.4
552.575	2574.5
552.935	2590.6
553.295	2576.8
553.655	2576.6
554.016	2560.7
554.376	2594.5
554.736	2576.0
555.097	2572.6
555.457	2586.3
555.817	2587.9
556.178	2587.7
556.538	2598.8
556.899	2606.9
557.259	2611.3
557.620	2626.0
557.980	2631.2
558.341	2635.0
558.701	2660.4
559.062	2653.9
559.423	2680.8
559.783	2688.0
560.144	2693.7
560.505	2708.5
560.866	2706.0
561.226	2722.3
561.587	2737.7
561.948	2733.2
562.309	2742.8
562.670	2763.5
563.031	2747.1
563.391	2754.3
563.752	2775.4
564.113	2804.9
564.474	2803.8
564.835	2808.6
565.197	2822.7
565.558	2822.1
565.919	2843.0
566.280	2852.0
566.641	2853.6
567.002	2880.0
567.363	2868.6
567.725	2879.5
568.086	2892.0
568.447	2890.1
568.808	2901.0
569.170	2916.7
569.531	2919.3
569.893	2944.2
570.254	2923.9
570.615	2947.2
570.977	2965.5
571.338	2954.0
571.700	2970.6
572.061	2966.0
572.423	2985.2
572.785	2990.0
573.146	2997.0
573.508	3016.9
573.869	2999.7
574.231	3028.5
574.593	3014.6
574.955	3036.6
575.316	3028.2
575.678	3051.0
576.040	3057.9
576.402	3041.8
576.764	3083.1
577.126	3117.1
577.487	3137.8
577.849	3118.2
578.211	3099.3
578.573	3109.3
578.935	3085.3
579.297	3143.2
579.659	3165.8
580.022	3149.1
580.384	3162.1
580.746	3163.5
581.108	3174.5
581.470	3160.0
581.832	3152.6
582.195	3172.7
582.557	3197.4
582.919	3180.3
583.281	3205.3
583.644	3225.2
584.006	3215.8
584.368	3248.2
584.731	3218.2
585.093	3235.6
585.456	3209.1
585.818	3216.3
586.181	3209.4
586.543	3209.8
586.906	3197.5
587.268	3222.1
587.631	3260.5
587.994	3261.7
588.356	3234.1
588.719	3219.8
589.082	3184.4
589.445	3215.8
589.807	3182.5
590.170	3182.2
590.533	3175.1
590.896	3161.6
591.259	3142.6
591.621	3141.0
591.984	3150.2
592.347	3148.4
592.710	3130.1
593.073	3163.9
593.436	3146.4
593.799	3140.2
594.162	3139.8
594.525	3110.5
594.888	3087.9
595.252	3055.4
595.615	3078.7
595.978	3053.4
596.341	3042.7
596.704	3034.4
597.068	3039.6
597.431	3051.1
597.794	3008.8
598.157	3014.3
598.521	3027.3
598.884	3019.8
599.248	3001.9
599.611	3014.5
599.974	3004.0
600.338	2997.0
600.701	2977.4
601.065	2979.8
601.428	2943.7
601.792	2934.1
602.156	2924.9
602.519	2924.8
602.883	2893.3
603.247	2901.8
603.610	2870.9
603.974	2854.0
604.338	2880.2
604.701	2842.4
605.065	2827.8
605.429	2819.1
605.793	2817.3
606.157	2799.8
606.521	2784.3
606.885	2768.8
607.248	2754.9
607.612	2756.4
607.976	2734.2
608.340	2740.2
608.704	2730.1
609.069	2724.9
609.433	2721.2
609.797	2727.1
610.161	2763.2
610.525	2793.0
610.889	2881.4
611.253	3078.7
611.618	3231.3
611.982	3276.1
612.346	3107.9
612.710	2905.8
613.075	2802.4
613.439	2753.4
613.803	2728.6
614.168	2688.9
614.532	2686.4
614.897	2671.5
615.261	2636.9
615.626	2609.5
615.990	2580.2
616.355	2548.0
616.719	2507.7
617.084	2507.5
617.448	2472.0
617.813	2475.0
618.178	2465.0
618.542	2442.3
618.907	2431.9
619.272	2422.9
619.637	2409.9
620.001	2398.2
620.366	2395.8
620.731	2412.3
621.096	2352.9
621.461	2349.2
621.826	2351.4
622.190	2337.6
622.555	2294.7
622.920	2274.9
623.285	2275.3
623.650	2262.3
624.015	2232.2
624.380	2207.4
624.746	2192.2
625.111	2181.8
625.476	2173.3
625.841	2146.5
626.206	2131.1
626.571	2097.8
626.937	2103.3
627.302	2074.9
627.667	2064.7
628.032	2048.6
628.398	2037.8
628.763	2005.5
629.128	2000.6
629.494	1982.3
629.859	1973.5
630.225	1957.4
630.590	1956.1
630.956	1953.1
631.321	1941.9
631.687	1929.9
632.052	1892.0
632.418	1867.1
632.783	1830.3
633.149	1804.6
633.515	1782.7
633.880	1762.7
634.246	1762.5
634.612	1732.7
634.978	1724.1
635.343	1711.8
635.709	1698.9
636.075	1675.1
636.441	1658.7
636.807	1642.3
637.173	1638.1
637.538	1615.5
637.904	1593.0
638.270	1589.2
638.636	1575.4
639.002	1556.7
639.368	1556.0
639.734	1530.4
640.101	1523.0
640.467	1498.8
640.833	1492.9
641.199	1476.1
641.565	1466.5
641.931	1460.5
642.297	1439.7
642.664	1420.3
643.030	1416.3
643.396	1404.7
643.763	1391.6
644.129	1384.1
644.495	1361.8
644.862	1348.1
645.228	1341.6
645.594	1334.5
645.961	1319.5
646.327	1304.3
646.694	1296.6
647.060	1280.9
647.427	1275.1
647.793	1257.9
648.160	1245.5
648.527	1230.8
648.893	1227.6
649.260	1217.1
649.627	1211.7
649.993	1205.4
650.360	1189.3
650.727	1194.0
651.094	1184.7
651.460	1159.7
651.827	1150.2
652.194	1131.0
652.561	1123.1
652.928	1109.1
653.295	1103.6
653.662	1094.0
654.029	1083.6
654.396	1069.8
654.763	1058.8
655.130	1043.7
655.497	1036.0
655.864	1031.3
656.231	1022.8
656.598	1012.8
656.965	998.1
657.332	994.0
657.699	977.1
658.067	976.6
658.434	966.8
658.801	957.4
659.168	946.4
659.536	934.5
659.903	926.9
660.270	919.0
660.638	903.9
661.005	903.4
661.373	894.1
661.740	885.1
662.108	882.1
662.475	874.3
662.843	868.3
663.210	865.7
663.578	850.5
663.945	837.5
664.313	833.8
664.680	823.2
665.048	812.5
665.416	807.1
665.783	806.9
666.151	794.7
666.519	783.2
666.887	777.5
667.254	772.7
667.622	768.2
667.990	756.9
668.358	754.6
668.726	747.0
669.094	738.6
669.462	727.8
669.830	728.8
670.197	718.4
670.565	706.0
670.933	700.9
671.302	695.9
671.670	691.4
672.038	682.9
672.406	679.2
672.774	669.0
673.142	662.6
673.510	657.4
673.878	651.3
674.247	648.3
674.615	642.6
674.983	634.4
675.351	631.6
675.720	620.2
676.088	615.8
676.456	608.2
676.825	600.4
677.193	600.8
677.561	596.2
677.930	589.1
678.298	583.0
678.667	577.3
679.035	573.7
679.404	571.2
679.772	564.7
680.141	562.0
680.510	549.6
680.878	544.1
681.247	542.6
681.616	535.7
681.984	535.0
682.353	527.4
682.722	520.6
683.090	514.4
683.459	513.0
683.828	506.3
684.197	504.7
684.566	501.3
684.934	491.9
685.303	488.8
685.672	485.5
686.041	480.7
686.410	477.9
686.779	474.4
687.148	471.0
687.517	467.2
687.886	466.9
688.255	466.8
688.624	458.3
688.993	454.6
689.363	449.3
689.732	440.4
690.101	437.4
690.470	431.0
690.839	429.8
691.208	425.1
691.578	421.9
691.947	418.5
692.316	416.5
692.686	408.1
693.055	412.3
693.424	406.9
693.794	404.1
694.163	404.5
694.533	398.7
694.902	394.4
695.272	386.8
695.641	380.6
696.011	378.7
696.380	374.1
696.750	372.5
697.119	370.9
697.489	366.5
697.859	362.6
698.228	360.4
698.598	354.8
698.968	352.2
699.337	348.7
699.707	349.6
700.077	343.4
700.447	340.9
700.816	337.3
701.186	337.6
701.556	333.7
701.926	331.0
702.296	327.4
702.666	325.9
703.036	323.9
703.406	321.6
703.776	317.9
704.146	316.7
704.516	317.8
704.886	313.2
705.256	310.3
705.626	312.2
705.996	312.0
706.366	316.4
706.736	316.2
707.106	319.3
707.477	319.7
707.847	316.2
708.217	309.7
708.587	303.9
708.958	311.3
709.328	320.2
709.698	312.8
710.069	296.6
710.439	284.7
710.809	277.6
711.180	275.7
711.550	276.5
711.921	281.4
712.291	289.1
712.662	293.1
713.032	287.7
713.403	275.3
713.773	264.5
714.144	258.4
714.515	253.4
714.885	252.8
715.256	251.1
715.627	246.5
715.997	244.1
716.368	242.7
716.739	238.6
717.109	238.6
717.480	235.6
717.851	230.8
718.222	230.3
718.593	229.8
718.964	228.0
719.334	224.6
719.705	222.2
720.076	218.7
720.447	220.8
720.818	217.5
721.189	216.9
721.560	215.8
721.931	216.9
722.302	212.1
722.673	210.3
723.045	208.5
723.416	207.6
723.787	205.8
724.158	203.6
724.529	202.9
724.900	200.5
725.272	200.2
725.643	198.3
726.014	198.8
726.385	196.3
726.757	194.9
727.128	194.2
727.499	194.2
727.871	190.6
728.242	190.8
728.614	188.7
728.985	185.3
729.357	186.8
729.728	187.6
730.100	183.3
730.471	183.1
730.843	182.2
731.214	180.7
731.586	181.3
731.957	178.5
732.329	179.7
732.701	179.5
733.072	173.7
733.444	172.5
733.816	173.9
734.187	173.0
734.559	170.7
734.931	172.0
735.303	169.4
735.675	168.4
736.046	167.1
736.418	167.7
736.790	167.1
737.162	165.6
737.534	163.6
737.906	162.0
738.278	162.2
738.650	162.9
739.022	162.2
739.394	158.8
739.766	158.4
740.138	159.2
740.510	157.0
740.882	156.2
741.254	156.0
741.627	153.3
741.999	153.4
742.371	151.8
742.743	151.8
743.115	153.3
743.488	153.9
743.860	151.5
744.232	148.9
744.605	149.5
744.977	146.9
745.349	146.9
745.722	145.4
746.094	145.6
746.466	146.9
746.839	144.1
747.211	141.6
747.584	141.3
747.956	139.9
748.329	140.5
748.701	141.2
749.074	141.1
749.447	138.1
749.819	136.3
750.192	138.7
750.565	140.4
750.937	141.8
751.310	137.1
751.683	136.1
752.055	136.6
752.428	133.1
752.801	132.6
753.174	132.6
753.546	130.7
753.919	131.3
754.292	131.5
754.665	128.9
755.038	131.3
755.411	132.4
755.784	129.4
756.157	127.5
756.530	127.0
756.903	126.8
757.276	124.8
757.649	126.3
758.022	126.7
758.395	125.4
758.768	125.3
759.141	121.9
759.514	124.5
759.887	123.0
760.261	122.5
760.634	120.0
761.007	120.9
761.380	119.2
761.754	120.9
762.127	119.4
762.500	120.7
762.873	117.1
763.247	123.9
763.620	122.3
763.994	123.5
764.367	119.2
764.740	118.9
765.114	117.7
765.487	118.1
765.861	119.9
766.234	116.7
766.608	114.9
766.981	116.5
767.355	116.9
767.729	114.9
768.102	114.4
768.476	114.1
768.849	116.2
769.223	113.6
769.597	112.4
769.970	113.3
770.344	113.5
770.718	111.5
771.092	110.5
771.466	112.3
771.839	112.1
772.213	112.4
772.587	112.5
772.961	111.6
773.335	110.7
773.709	110.6
774.083	109.9
774.457	108.4
774.831	107.3
775.204	108.5
775.579	110.1
775.953	106.3
776.327	107.2
776.701	107.7
777.075	109.2
777.449	108.1
777.823	106.6
778.197	108.1
778.571	105.8
778.945	106.8
779.320	109.8
779.694	106.3
780.068	107.5
780.442	106.8
780.817	107.6
781.191	105.6
781.565	105.6
781.940	105.9
782.314	106.9
782.688	107.2
783.063	105.5
783.437	106.3
783.812	103.4
784.186	103.6
784.561	105.6
784.935	105.7
785.310	103.4
785.684	106.4
786.059	104.0
786.433	106.5
786.808	104.7
787.183	103.6
787.557	104.9
787.932	102.1
788.307	103.1
788.681	103.5
789.056	103.7
789.431	102.9
789.806	102.1
790.180	102.8
790.555	102.1
790.930	103.0
791.305	104.3
791.680	102.1
792.054	101.0
792.429	101.7
792.804	102.0
793.179	101.9
793.554	101.2
793.929	101.7
794.304	101.6
794.679	101.0
795.054	101.6
795.429	101.4
795.804	102.1
796.179	100.0
796.555	101.5
796.930	100.2
797.305	97.4
797.680	100.9
798.055	101.2
798.430	99.7
798.806	99.7
799.181	100.2
799.556	99.4
799.931	101.3
800.307	101.0
800.682	100.1
801.057	99.5
801.433	100.8
801.808	101.4
802.184	99.5
802.559	98.4
802.934	98.0
803.310	102.0
803.685	98.9
804.061	98.6
804.436	97.0
804.812	100.1
805.187	99.6
805.563	96.5
805.939	99.5
806.314	98.5
806.690	99.1
807.065	98.8
807.441	100.0
807.817	98.6
808.193	97.3
808.568	100.4
808.944	98.5
809.320	96.8
809.696	97.5
810.071	98.5
810.447	100.5
810.823	100.1
811.199	100.4
811.575	106.9
811.951	101.1
812.327	99.1
812.703	98.5
813.079	97.0
813.454	97.0
813.830	100.2
814.206	97.7
814.583	95.6
814.959	96.4
815.335	98.8
815.711	98.8
816.087	97.1
816.463	97.3
816.839	96.8
817.215	96.2
817.591	94.8
817.968	94.6
818.344	97.0
818.720	95.0
819.096	95.4
819.473	96.2
819.849	98.3
820.225	98.1
820.602	94.9
820.978	98.5
821.354	97.3
821.731	95.3
822.107	98.6
822.484	94.8
822.860	96.1
823.236	94.8
823.613	97.7
823.989	96.0
824.366	96.9
824.743	96.0
825.119	97.4
825.496	96.6
825.872	95.6
826.249	97.7
826.626	94.7
827.002	96.8
827.379	95.5
827.756	95.9
828.132	94.7
828.509	98.5
828.886	96.1
829.262	96.2
829.639	95.4
830.016	97.4
830.393	95.1
830.770	97.8
831.147	96.0
831.523	96.8
831.900	95.5
832.277	94.4
832.654	95.7
833.031	95.7
833.408	95.5
833.785	96.7
834.162	95.6
834.539	96.3
834.916	95.4
835.293	95.5
835.670	97.4
836.047	96.2
836.425	95.9
836.802	94.9
837.179	97.4
837.556	94.0
837.933	94.8
838.310	96.0
838.688	94.8
839.065	93.6
839.442	96.2
839.819	94.6
840.197	95.8
840.574	95.1
840.951	98.8
841.329	96.7
841.706	94.9
842.083	93.7
842.461	95.9
842.838	97.3
843.216	96.0
843.593	94.6
843.971	96.6
844.348	97.6
844.726	95.7
845.103	93.8
845.481	94.9
845.858	94.4
846.236	96.6
846.614	95.6
846.991	96.5
847.369	94.0
847.747	95.4
848.124	97.7
848.502	95.0
848.880	93.5
849.257	94.5
849.635	96.1
850.013	94.5
850.391	94.4
850.768	94.3
851.146	93.5
851.524	97.5
851.902	95.7
852.280	95.2
852.658	95.6
853.036	97.0
853.414	95.7
853.792	96.2
854.170	95.5
854.548	96.2
854.926	95.6
855.304	93.5
855.682	95.5
856.060	96.7
856.438	95.7
856.816	95.5
857.194	94.1
857.572	93.2
857.950	97.1
858.328	96.1
858.707	95.1
859.085	95.2
859.463	97.0
859.841	95.4
860.220	95.6
860.598	95.0
860.976	96.5
861.354	96.0
861.733	95.5
862.111	95.4
862.489	96.3
862.868	95.7
863.246	97.9
863.625	97.8
864.003	96.9
864.382	97.0
864.760	96.0
865.139	95.8
865.517	98.6
865.896	96.8
866.274	96.3
866.653	95.2
867.031	95.2
867.410	96.4
867.788	94.5
868.167	98.6
868.546	96.3
868.924	94.8
869.303	97.5
869.682	95.2
870.061	94.7
870.439	97.6
870.818	98.6
871.197	96.9
871.576	95.8
871.954	95.1
872.333	96.4
872.712	93.9
873.091	95.8
873.470	96.0
873.849	96.6
874.228	95.1
874.606	96.3
874.985	93.8
875.364	93.5
875.743	98.0
876.122	95.6
876.501	94.6
876.880	95.5
877.259	95.7
877.639	95.2
878.018	96.7
878.397	96.8
878.776	95.9
879.155	96.6
879.534	95.1
879.913	94.6
880.293	98.4
880.672	97.7
881.051	95.8
881.430	96.3
881.809	94.0
882.189	96.7
882.568	96.1
882.947	98.1
883.327	96.9
883.706	96.4
884.085	95.1
884.465	95.3
884.844	96.2
885.224	95.4
885.603	96.0
885.982	94.2
886.362	96.8
886.741	95.1
887.121	94.8
887.500	95.4
887.880	95.7
888.259	97.3
888.639	94.9
889.019	95.7
889.398	95.1
889.778	97.1
890.157	97.1
890.537	97.2
890.917	94.0
891.296	97.1
891.676	95.7
892.056	95.9
892.436	97.9
892.815	97.7
893.195	96.4
893.575	95.2
893.955	95.7
894.335	97.5
894.714	96.8
895.094	97.3
895.474	97.5
895.854	94.9
896.234	97.9
896.614	96.5
896.994	97.7
897.374	95.5
897.754	94.8
898.134	97.0
898.514	95.2
898.894	95.5
899.274	96.3
899.654	97.2
900.034	95.7
900.414	95.4
900.794	96.1
901.174	98.0
901.554	96.0
901.935	96.2
902.315	96.7
902.695	96.6
903.075	95.9
903.455	97.9
903.836	96.6
904.216	95.6
904.596	98.2
904.977	96.6
905.357	97.4
905.737	95.6
