175.633	72.2
175.959	71.9
176.286	72.5
176.612	70.4
176.939	72.8
177.265	74.8
177.592	72.3
177.919	71.5
178.245	73.8
178.572	75.8
178.899	69.2
179.226	74.2
179.553	76.0
179.879	75.6
180.206	72.4
180.533	70.5
180.860	74.5
181.187	73.4
181.514	72.6
181.841	73.8
182.168	73.7
182.496	74.4
182.823	77.9
183.150	73.0
183.477	74.3
183.805	74.5
184.132	76.2
184.459	73.7
184.787	73.5
185.114	75.9
185.442	76.5
185.769	75.9
186.097	76.4
186.424	79.6
186.752	79.5
187.079	79.2
187.407	76.4
187.735	77.9
188.063	76.7
188.390	76.9
188.718	75.0
189.046	76.8
189.374	76.8
189.702	77.0
190.030	79.1
190.358	77.1
190.686	75.6
191.014	75.6
191.342	76.4
191.670	75.5
191.999	77.2
192.327	75.6
192.655	75.6
192.983	77.4
193.312	80.3
193.640	78.0
193.968	77.8
194.297	76.1
194.625	77.9
194.954	77.2
195.282	81.8
195.611	81.9
195.940	81.9
196.268	77.7
196.597	78.7
196.926	80.7
197.254	79.4
197.583	80.0
197.912	83.1
198.241	79.7
198.570	76.8
198.899	80.3
199.228	80.1
199.557	75.7
199.886	77.3
200.215	76.7
200.544	78.9
200.873	82.0
201.202	80.8
201.531	76.4
201.861	83.4
202.190	83.0
202.519	80.1
202.849	81.8
203.178	80.7
203.507	84.4
203.837	81.6
204.166	81.3
204.496	82.2
204.826	82.4
205.155	80.4
205.485	82.7
205.814	83.3
206.144	83.1
206.474	83.3
206.804	80.5
207.133	80.4
207.463	81.6
207.793	82.4
208.123	82.8
208.453	83.5
208.783	84.5
209.113	80.9
209.443	84.7
209.773	81.7
210.103	82.5
210.433	83.3
210.764	82.7
211.094	81.6
211.424	83.7
211.754	84.1
212.085	82.9
212.415	86.6
212.746	80.5
213.076	77.0
213.407	78.9
213.737	84.3
214.068	81.5
214.398	82.7
214.729	82.8
215.059	78.4
215.390	82.9
215.721	79.5
216.052	80.0
216.382	79.5
216.713	78.4
217.044	80.4
217.375	80.0
217.706	80.0
218.037	79.9
218.368	77.6
218.699	83.1
219.030	80.7
219.361	80.4
219.692	82.7
220.023	82.1
220.355	79.7
220.686	82.3
221.017	81.6
221.348	81.1
221.680	80.9
222.011	80.5
222.343	80.5
222.674	81.6
223.006	84.0
223.337	87.0
223.669	81.1
224.000	80.2
224.332	81.8
224.663	83.3
224.995	81.6
225.327	82.9
225.659	81.9
225.990	83.5
226.322	81.5
226.654	84.1
226.986	84.0
227.318	85.5
227.650	84.4
227.982	86.0
228.314	83.3
228.646	83.5
228.978	81.4
229.310	84.4
229.642	85.2
229.975	82.6
230.307	80.8
230.639	83.7
230.972	81.3
231.304	82.6
231.636	81.6
231.969	81.9
232.301	81.9
232.634	83.1
232.966	82.6
233.299	83.4
233.631	84.5
233.964	84.9
234.297	84.2
234.629	82.8
234.962	81.7
235.295	85.4
235.628	84.2
235.960	82.4
236.293	85.0
236.626	86.5
236.959	83.0
237.292	86.3
237.625	84.5
237.958	85.6
238.291	84.4
238.624	85.8
238.957	84.2
239.291	85.0
239.624	83.9
239.957	83.8
240.290	82.0
240.624	86.6
240.957	83.9
241.290	83.6
241.624	85.5
241.957	80.7
242.291	84.9
242.624	84.8
242.958	85.3
243.291	85.5
243.625	86.5
243.959	88.3
244.292	87.7
244.626	88.1
244.960	85.4
245.293	83.7
245.627	83.8
245.961	85.9
246.295	84.0
246.629	88.2
246.963	83.1
247.297	85.7
247.631	85.7
247.965	83.2
248.299	84.4
248.633	84.8
248.967	85.7
249.302	84.5
249.636	85.4
249.970	85.2
250.304	84.0
250.639	83.4
250.973	82.4
251.307	84.9
251.642	85.8
251.976	88.7
252.311	84.8
252.645	86.4
252.980	88.3
253.314	85.9
253.649	88.1
253.984	83.7
254.318	86.1
254.653	87.9
254.988	85.8
255.323	85.3
255.658	85.1
255.992	86.6
256.327	86.1
256.662	84.8
256.997	83.1
257.332	85.1
257.667	84.9
258.002	85.6
258.338	83.4
258.673	85.2
259.008	83.9
259.343	85.5
259.678	83.2
260.014	86.1
260.349	82.5
260.684	85.9
261.020	84.2
261.355	85.2
261.690	85.4
262.026	87.8
262.361	85.7
262.697	85.9
263.032	83.7
263.368	87.2
263.704	85.8
264.039	85.0
264.375	84.9
264.711	85.8
265.047	80.1
265.382	85.6
265.718	90.6
266.054	85.2
266.390	87.3
266.726	86.0
267.062	87.8
267.398	86.0
267.734	85.8
268.070	85.7
268.406	87.4
268.742	87.8
269.079	86.6
269.415	88.5
269.751	86.2
270.087	85.4
270.424	84.2
270.760	87.4
271.096	83.3
271.433	84.8
271.769	85.6
272.106	87.3
272.442	84.8
272.779	87.8
273.115	85.7
273.452	86.0
273.789	87.4
274.125	83.1
274.462	85.7
274.799	86.9
275.135	86.4
275.472	84.8
275.809	85.3
276.146	85.8
276.483	86.1
276.820	86.0
277.157	86.0
277.494	85.0
277.831	84.8
278.168	86.5
278.505	85.0
278.842	85.5
279.179	84.4
279.516	86.5
279.854	85.9
280.191	87.3
280.528	83.8
280.866	84.8
281.203	84.5
281.540	86.6
281.878	84.9
282.215	84.6
282.553	86.9
282.890	86.7
283.228	85.6
283.566	88.4
283.903	88.7
284.241	88.6
284.579	87.6
284.916	87.6
285.254	86.2
285.592	85.5
285.930	87.3
286.268	87.6
286.605	85.2
286.943	88.5
287.281	88.7
287.619	87.3
287.957	85.3
288.295	86.9
288.633	86.1
288.972	85.3
289.310	87.6
289.648	88.8
289.986	88.7
290.324	89.6
290.663	87.5
291.001	88.0
291.339	88.7
291.678	88.4
292.016	86.8
292.355	85.5
292.693	85.4
293.032	86.9
293.370	87.3
293.709	88.3
294.047	86.6
294.386	84.6
294.725	85.5
295.063	87.8
295.402	87.0
295.741	87.2
296.080	85.0
296.419	87.8
296.758	87.5
297.096	88.0
297.435	84.6
297.774	87.6
298.113	92.0
298.452	89.1
298.791	89.5
299.131	90.8
299.470	87.3
299.809	91.9
300.148	87.2
300.487	85.7
300.827	87.2
301.166	86.8
301.505	87.9
301.845	89.7
302.184	87.3
302.523	87.7
302.863	86.6
303.202	87.6
303.542	85.5
303.881	87.0
304.221	89.4
304.561	89.3
304.900	87.0
305.240	89.9
305.580	89.6
305.920	87.3
306.259	87.4
306.599	88.9
306.939	89.6
307.279	88.3
307.619	89.7
307.959	88.5
308.299	88.2
308.639	87.5
308.979	91.5
309.319	89.7
309.659	87.6
309.999	87.3
310.339	88.4
310.679	90.0
311.020	88.0
311.360	90.8
311.700	87.0
312.041	85.2
312.381	87.3
312.721	86.6
313.062	89.6
313.402	87.0
313.743	84.9
314.083	87.2
314.424	84.7
314.764	87.7
315.105	88.5
315.446	86.8
315.786	85.0
316.127	86.8
316.468	85.5
316.809	89.0
317.149	85.6
317.490	87.5
317.831	85.8
318.172	87.1
318.513	88.5
318.854	88.9
319.195	86.5
319.536	89.2
319.877	90.1
320.218	90.8
320.559	89.1
320.901	89.1
321.242	85.6
321.583	87.2
321.924	88.6
322.266	88.4
322.607	87.4
322.948	90.0
323.290	89.2
323.631	91.1
323.972	91.0
324.314	90.8
324.655	91.9
324.997	90.5
325.339	90.3
325.680	89.5
326.022	86.9
326.364	86.5
326.705	88.5
327.047	88.7
327.389	85.5
327.731	88.2
328.072	85.1
328.414	88.0
328.756	87.5
329.098	87.6
329.440	87.4
329.782	87.4
330.124	86.2
330.466	87.9
330.808	91.9
331.150	88.6
331.492	85.8
331.835	88.8
332.177	86.8
332.519	86.0
332.861	86.3
333.204	85.3
333.546	85.2
333.888	85.9
334.231	84.1
334.573	84.9
334.916	87.6
335.258	86.3
335.601	87.6
335.943	85.3
336.286	84.1
336.628	85.8
336.971	87.0
337.314	89.0
337.657	89.6
337.999	91.2
338.342	89.1
338.685	88.2
339.028	89.9
339.371	88.7
339.714	87.2
340.056	89.5
340.399	86.4
340.742	85.6
341.085	82.0
341.429	84.0
341.772	90.1
342.115	84.8
342.458	86.8
342.801	86.2
343.144	84.7
343.488	87.0
343.831	85.9
344.174	88.1
344.517	87.6
344.861	88.5
345.204	90.2
345.548	86.5
345.891	86.0
346.235	87.7
346.578	83.9
346.922	87.2
347.265	87.1
347.609	87.1
347.953	85.5
348.296	86.3
348.640	87.2
348.984	87.3
349.328	89.4
349.671	89.7
350.015	87.4
350.359	85.8
350.703	88.1
351.047	88.6
351.391	86.8
351.735	85.4
352.079	84.0
352.423	85.1
352.767	88.1
353.111	87.1
353.455	86.2
353.800	84.6
354.144	86.7
354.488	86.9
354.832	85.9
355.177	85.8
355.521	85.6
355.865	86.0
356.210	88.2
356.554	88.4
356.899	88.8
357.243	89.8
357.588	89.0
357.932	88.2
358.277	86.4
358.621	86.0
358.966	85.8
359.311	90.3
359.655	90.0
360.000	89.2
360.345	88.1
360.690	87.4
361.035	85.8
361.379	86.5
361.724	87.1
362.069	86.5
362.414	83.9
362.759	85.1
363.104	87.4
363.449	85.2
363.794	87.9
364.139	85.1
364.485	83.1
364.830	85.9
365.175	84.9
365.520	87.2
365.865	86.6
366.211	85.8
366.556	86.1
366.901	87.7
367.247	83.5
367.592	84.8
367.938	86.3
368.283	85.0
368.629	86.6
368.974	86.5
369.320	86.2
369.665	83.0
370.011	86.4
370.357	84.5
370.702	84.7
371.048	85.4
371.394	85.3
371.740	85.5
372.085	84.5
372.431	84.4
372.777	86.1
373.123	85.6
373.469	85.5
373.815	87.5
374.161	84.1
374.507	85.8
374.853	88.9
375.199	85.7
375.545	85.4
375.891	86.7
376.238	87.1
376.584	85.0
376.930	87.6
377.276	89.8
377.623	86.2
377.969	87.2
378.315	88.1
378.662	85.5
379.008	86.2
379.355	90.4
379.701	89.2
380.048	91.4
380.394	89.9
380.741	88.6
381.087	89.1
381.434	87.4
381.781	87.4
382.127	87.6
382.474	85.8
382.821	88.0
383.168	88.8
383.514	89.4
383.861	89.2
384.208	90.6
384.555	87.9
384.902	89.9
385.249	87.8
385.596	89.3
385.943	84.7
386.290	86.5
386.637	88.0
386.984	89.1
387.331	86.9
387.679	89.5
388.026	90.3
388.373	89.5
388.720	87.2
389.068	85.7
389.415	87.1
389.762	85.9
390.110	86.3
390.457	90.0
390.804	87.5
391.152	87.7
391.499	86.1
391.847	86.1
392.195	86.9
392.542	87.9
392.890	88.7
393.237	87.0
393.585	88.5
393.933	90.7
394.281	89.1
394.628	88.5
394.976	90.2
395.324	90.6
395.672	90.7
396.020	88.6
396.368	85.1
396.716	86.5
397.064	89.5
397.412	89.0
397.760	85.3
398.108	85.8
398.456	87.3
398.804	86.2
399.152	82.8
399.500	85.0
399.849	88.3
400.197	85.2
400.545	85.0
400.893	87.2
401.242	86.6
401.590	88.1
401.939	85.1
402.287	87.1
402.635	85.1
402.984	89.5
403.332	86.3
403.681	87.0
404.030	85.3
404.378	86.9
404.727	88.7
405.075	93.7
405.424	100.2
405.773	102.9
406.122	98.5
406.470	90.2
406.819	86.4
407.168	88.6
407.517	87.4
407.866	88.8
408.215	89.4
408.564	90.1
408.913	87.2
409.262	90.6
409.611	88.8
409.960	86.1
410.309	87.1
410.658	88.9
411.007	87.2
411.357	87.0
411.706	91.1
412.055	89.6
412.404	88.5
412.754	83.9
413.103	87.0
413.452	88.5
413.802	85.9
414.151	85.8
414.501	86.9
414.850	87.6
415.200	86.2
415.549	87.6
415.899	87.5
416.248	83.9
416.598	86.7
416.948	84.2
417.297	85.2
417.647	84.9
417.997	87.5
418.347	84.1
418.697	84.2
419.046	87.0
419.396	88.4
419.746	87.0
420.096	89.0
420.446	89.1
420.796	86.3
421.146	89.3
421.496	90.9
421.846	88.5
422.196	91.4
422.546	90.4
422.897	89.3
423.247	89.2
423.597	89.0
423.947	88.6
424.298	90.5
424.648	87.9
424.998	86.0
425.349	88.5
425.699	88.6
426.049	92.3
426.400	91.5
426.750	89.8
427.101	89.9
427.451	90.3
427.802	90.8
428.153	88.7
428.503	89.2
428.854	90.5
429.205	90.4
429.555	92.9
429.906	90.3
430.257	91.8
430.608	94.8
430.958	92.3
431.309	94.8
431.660	94.6
432.011	90.7
432.362	93.0
432.713	94.9
433.064	94.0
433.415	96.2
433.766	94.6
434.117	93.2
434.468	96.4
434.819	95.7
435.171	95.3
435.522	97.3
435.873	102.2
436.224	109.6
436.576	136.3
436.927	145.3
437.278	130.0
437.630	104.1
437.981	93.0
438.333	92.3
438.684	94.5
439.035	93.3
439.387	95.6
439.739	95.0
440.090	94.3
440.442	93.9
440.793	96.4
441.145	93.7
441.497	93.9
441.848	97.6
442.200	93.7
442.552	93.3
442.904	96.9
443.256	93.0
443.607	93.6
443.959	95.8
444.311	94.7
444.663	95.3
445.015	95.4
445.367	94.7
445.719	94.8
446.071	96.0
446.423	93.9
446.776	93.2
447.128	97.4
447.480	93.7
447.832	93.0
448.184	95.8
448.537	95.0
448.889	93.0
449.241	97.1
449.594	94.7
449.946	95.9
450.298	94.4
450.651	94.1
451.003	91.7
451.356	95.1
451.708	94.0
452.061	93.6
452.413	93.4
452.766	93.9
453.119	96.5
453.471	94.3
453.824	96.9
454.177	94.8
454.529	95.1
454.882	96.4
455.235	94.6
455.588	96.0
455.941	93.4
456.294	95.2
456.647	92.4
456.999	93.4
457.352	93.7
457.705	94.1
458.058	93.2
458.412	94.8
458.765	95.5
459.118	92.7
459.471	93.6
459.824	92.1
460.177	94.0
460.530	94.5
460.884	95.2
461.237	92.5
461.590	93.3
461.944	97.6
462.297	94.7
462.650	92.9
463.004	96.1
463.357	94.7
463.711	94.8
464.064	93.4
464.418	95.0
464.771	94.2
465.125	93.0
465.479	95.2
465.832	92.9
466.186	92.6
466.540	94.6
466.893	93.1
467.247	94.3
467.601	91.7
467.955	93.7
468.309	93.7
468.662	94.7
469.016	95.7
469.370	94.7
469.724	95.9
470.078	92.6
470.432	95.9
470.786	93.1
471.140	92.4
471.494	96.2
471.849	93.2
472.203	91.8
472.557	95.0
472.911	93.3
473.265	93.4
473.620	92.7
473.974	94.1
474.328	93.0
474.682	94.4
475.037	92.8
475.391	92.7
475.746	96.2
476.100	94.1
476.455	92.1
476.809	91.6
477.164	92.6
477.518	93.4
477.873	94.5
478.227	94.0
478.582	93.1
478.937	92.8
479.291	94.6
479.646	95.2
480.001	93.7
480.356	94.3
480.711	92.9
481.065	92.4
481.420	93.0
481.775	94.3
482.130	94.4
482.485	94.1
482.840	94.7
483.195	94.0
483.550	95.4
483.905	96.0
484.260	97.2
484.615	99.2
484.970	98.3
485.326	99.0
485.681	99.6
486.036	102.0
486.391	101.4
486.747	102.4
487.102	104.4
487.457	105.4
487.813	103.5
488.168	103.7
488.523	104.1
488.879	104.9
489.234	103.0
489.590	102.8
489.945	106.0
490.301	100.9
490.656	101.8
491.012	103.3
491.368	101.3
491.723	101.8
492.079	100.9
492.435	103.1
492.791	101.7
493.146	100.3
493.502	101.1
493.858	98.0
494.214	100.4
494.570	99.6
494.926	98.0
495.281	97.2
495.637	97.0
495.993	98.7
496.349	97.7
496.705	97.1
497.062	96.6
497.418	98.2
497.774	96.9
498.130	96.0
498.486	97.9
498.842	96.6
499.199	95.3
499.555	96.6
499.911	94.1
500.267	95.5
500.624	94.7
500.980	94.9
501.337	92.8
501.693	94.6
502.049	92.8
502.406	93.6
502.762	94.4
503.119	91.6
503.475	93.1
503.832	93.5
504.189	91.5
504.545	91.3
504.902	91.1
505.259	93.2
505.615	91.4
505.972	93.1
506.329	93.0
506.686	92.6
507.043	91.4
507.399	91.9
507.756	91.0
508.113	89.6
508.470	90.5
508.827	91.3
509.184	91.8
509.541	89.0
509.898	94.7
510.255	91.7
510.612	90.7
510.969	88.6
511.327	91.4
511.684	90.4
512.041	91.4
512.398	92.0
512.755	90.9
513.113	92.8
513.470	91.4
513.827	90.0
514.185	91.3
514.542	92.2
514.900	92.2
515.257	91.3
515.614	91.8
515.972	91.4
516.329	92.7
516.687	90.2
517.045	90.2
517.402	93.8
517.760	92.3
518.117	90.2
518.475	89.3
518.833	89.7
519.191	91.2
519.548	91.2
519.906	90.9
520.264	91.7
520.622	90.3
520.980	92.0
521.338	91.6
521.695	92.2
522.053	91.2
522.411	90.4
522.769	89.7
523.127	90.5
523.485	90.0
523.844	91.2
524.202	92.1
524.560	90.6
524.918	90.6
525.276	91.6
525.634	90.2
525.993	91.5
526.351	90.2
526.709	91.1
527.067	88.7
527.426	92.2
527.784	89.8
528.143	93.9
528.501	90.7
528.859	91.9
529.218	91.2
529.576	92.3
529.935	89.8
530.293	90.8
530.652	91.7
531.011	89.2
531.369	91.2
531.728	91.4
532.087	88.8
532.445	88.8
532.804	92.8
533.163	90.8
533.522	91.9
533.880	93.0
534.239	91.3
534.598	93.1
534.957	90.4
535.316	92.4
535.675	93.7
536.034	90.5
536.393	90.1
536.752	92.5
537.111	92.5
537.470	90.1
537.829	92.0
538.188	92.3
538.547	90.8
538.907	93.2
539.266	96.0
539.625	97.6
539.984	98.4
540.344	101.1
540.703	101.7
541.062	104.9
541.422	106.4
541.781	111.8
542.140	117.7
542.500	125.8
542.859	134.6
543.219	139.4
543.578	140.3
543.938	139.0
544.297	141.5
544.657	140.0
545.017	136.2
545.376	136.3
545.736	134.1
546.096	131.6
546.455	137.6
546.815	153.7
547.175	152.1
547.535	136.0
547.895	115.7
548.254	108.4
548.614	106.3
548.974	106.1
549.334	104.9
549.694	107.9
550.054	105.0
550.414	105.4
550.774	102.9
551.134	101.3
551.494	101.8
551.854	102.2
552.215	100.7
552.575	101.7
552.935	99.3
553.295	100.3
553.655	99.9
554.016	97.1
554.376	97.0
554.736	96.4
555.097	94.5
555.457	93.2
555.817	93.5
556.178	90.0
556.538	91.1
556.899	92.5
557.259	92.5
557.620	90.7
557.980	86.9
558.341	89.9
558.701	92.8
559.062	89.4
559.423	89.1
559.783	90.8
560.144	89.4
560.505	90.0
560.866	90.1
561.226	90.7
561.587	90.8
561.948	88.9
562.309	88.5
562.670	90.5
563.031	90.2
563.391	89.6
563.752	88.6
564.113	92.3
564.474	90.8
564.835	90.9
565.197	91.8
565.558	91.4
565.919	89.3
566.280	92.1
566.641	86.8
567.002	90.5
567.363	89.5
567.725	89.9
568.086	90.1
568.447	88.4
568.808	88.1
569.170	89.8
569.531	89.2
569.893	89.9
570.254	90.9
570.615	89.1
570.977	92.9
571.338	88.4
571.700	91.9
572.061	89.5
572.423	90.5
572.785	91.4
573.146	91.4
573.508	91.3
573.869	90.8
574.231	90.3
574.593	92.6
574.955	91.4
575.316	92.1
575.678	91.2
576.040	91.4
576.402	90.6
576.764	93.0
577.126	91.7
577.487	97.4
577.849	99.7
578.211	97.3
578.573	92.8
578.935	94.7
579.297	94.4
579.659	95.2
580.022	101.1
580.384	100.1
580.746	96.9
581.108	98.0
581.470	100.5
581.832	98.1
582.195	96.8
582.557	97.6
582.919	99.1
583.281	101.6
583.644	100.5
584.006	103.9
584.368	106.3
584.731	103.6
585.093	103.5
585.456	102.8
585.818	101.0
586.181	99.8
586.543	100.8
586.906	100.7
587.268	99.8
587.631	103.3
587.994	104.1
588.356	107.2
588.719	107.9
589.082	104.7
589.445	100.1
589.807	98.5
590.170	96.6
590.533	99.7
590.896	97.8
591.259	98.4
591.621	95.7
591.984	98.1
592.347	96.3
592.710	95.2
593.073	96.9
593.436	96.5
593.799	98.1
594.162	98.8
594.525	98.0
594.888	97.9
595.252	92.9
595.615	91.7
595.978	90.6
596.341	91.6
596.704	91.9
597.068	91.6
597.431	93.1
597.794	90.7
598.157	91.5
598.521	92.0
598.884	92.8
599.248	94.9
599.611	96.8
599.974	94.3
600.338	95.9
600.701	96.8
601.065	93.2
601.428	93.0
601.792	92.5
602.156	95.5
602.519	92.5
602.883	92.6
603.247	90.1
603.610	90.9
603.974	92.7
604.338	91.3
604.701	89.2
605.065	91.9
605.429	91.1
605.793	92.4
606.157	92.1
606.521	90.9
606.885	92.4
607.248	91.8
607.612	91.4
607.976	92.2
608.340	92.7
608.704	93.2
609.069	93.6
609.433	94.2
609.797	95.9
610.161	98.4
610.525	104.0
610.889	107.0
611.253	122.2
611.618	144.5
611.982	167.2
612.346	174.0
612.710	156.0
613.075	132.8
613.439	120.7
613.803	116.6
614.168	112.4
614.532	110.5
614.897	109.3
615.261	109.0
615.626	107.7
615.990	107.0
616.355	101.3
616.719	98.8
617.084	98.4
617.448	97.4
617.813	96.8
618.178	98.1
618.542	97.4
618.907	96.6
619.272	96.0
619.637	95.3
620.001	97.1
620.366	98.1
620.731	98.8
621.096	99.7
621.461	98.1
621.826	99.1
622.190	102.1
622.555	99.4
622.920	96.8
623.285	94.8
623.650	97.0
624.015	96.8
624.380	95.5
624.746	96.3
625.111	95.3
625.476	98.0
625.841	96.4
626.206	97.0
626.571	92.2
626.937	94.2
627.302	93.2
627.667	94.3
628.032	94.6
628.398	95.0
628.763	93.7
629.128	92.4
629.494	96.3
629.859	96.1
630.225	95.9
630.590	97.2
630.956	97.1
631.321	97.0
631.687	98.7
632.052	100.1
632.418	98.1
632.783	97.7
633.149	93.5
633.515	93.9
633.880	90.8
634.246	92.6
634.612	88.6
634.978	93.0
635.343	91.7
635.709	91.1
636.075	90.3
636.441	90.4
636.807	93.3
637.173	93.9
637.538	89.2
637.904	90.6
638.270	90.3
638.636	92.6
639.002	91.9
639.368	90.2
639.734	89.8
640.101	91.4
640.467	88.4
640.833	90.5
641.199	91.1
641.565	91.0
641.931	94.1
642.297	89.8
642.664	89.4
643.030	88.1
643.396	89.2
643.763	89.5
644.129	89.8
644.495	89.9
644.862	89.4
645.228	90.1
645.594	90.5
645.961	91.1
646.327	90.3
646.694	89.6
647.060	90.2
647.427	90.8
647.793	89.4
648.160	88.9
648.527	87.0
648.893	91.4
649.260	89.9
649.627	91.2
649.993	90.7
650.360	90.0
650.727	91.5
651.094	92.4
651.460	92.1
651.827	91.5
652.194	92.8
652.561	89.1
652.928	90.1
653.295	92.2
653.662	90.4
654.029	92.9
654.396	89.4
654.763	91.3
655.130	90.7
655.497	90.5
655.864	92.2
656.231	93.2
656.598	90.0
656.965	89.9
657.332	92.2
657.699	90.8
658.067	90.8
658.434	90.5
658.801	89.5
659.168	91.2
659.536	90.5
659.903	89.9
660.270	89.2
660.638	91.1
661.005	89.8
661.373	89.0
661.740	90.2
662.108	92.2
662.475	91.0
662.843	92.5
663.210	92.7
663.578	92.8
663.945	90.8
664.313	90.2
664.680	90.4
665.048	89.9
665.416	91.5
665.783	93.6
666.151	91.2
666.519	91.0
666.887	89.9
667.254	89.3
667.622	90.5
667.990	90.9
668.358	90.7
668.726	90.8
669.094	91.5
669.462	88.9
669.830	90.7
670.197	92.8
670.565	89.1
670.933	90.2
671.302	91.1
671.670	90.8
672.038	92.7
672.406	91.2
672.774	90.1
673.142	90.7
673.510	90.0
673.878	88.3
674.247	90.1
674.615	90.1
674.983	88.3
675.351	90.3
675.720	86.6
676.088	89.8
676.456	88.8
676.825	90.4
677.193	87.9
677.561	90.8
677.930	89.4
678.298	90.3
678.667	91.2
679.035	89.2
679.404	91.4
679.772	89.6
680.141	91.5
680.510	89.7
680.878	88.9
681.247	90.6
681.616	89.5
681.984	89.1
682.353	90.5
682.722	90.6
683.090	89.9
683.459	89.1
683.828	88.3
684.197	91.3
684.566	88.5
684.934	89.4
685.303	92.1
685.672	88.8
686.041	87.9
686.410	90.9
686.779	88.9
687.148	89.1
687.517	89.0
687.886	89.0
688.255	90.3
688.624	89.3
688.993	89.2
689.363	90.5
689.732	89.7
690.101	87.6
690.470	87.7
690.839	91.0
691.208	89.5
691.578	88.4
691.947	90.5
692.316	90.3
692.686	90.4
693.055	90.0
693.424	89.3
693.794	89.2
694.163	89.7
694.533	92.2
694.902	90.0
695.272	89.2
695.641	86.8
696.011	92.1
696.380	91.6
696.750	90.1
697.119	90.2
697.489	91.2
697.859	89.1
698.228	90.9
698.598	90.0
698.968	91.1
699.337	89.9
699.707	90.4
700.077	90.2
700.447	88.9
700.816	92.4
701.186	90.7
701.556	91.0
701.926	89.8
702.296	91.6
702.666	90.4
703.036	91.3
703.406	92.7
703.776	91.3
704.146	90.5
704.516	91.9
704.886	91.0
705.256	91.6
705.626	94.6
705.996	89.8
706.366	91.5
706.736	92.7
707.106	91.7
707.477	92.7
707.847	97.2
708.217	94.2
708.587	93.1
708.958	95.3
709.328	93.8
709.698	95.8
710.069	95.7
710.439	92.4
710.809	93.1
711.180	92.3
711.550	90.6
711.921	91.6
712.291	93.7
712.662	93.9
713.032	94.9
713.403	95.5
713.773	92.6
714.144	91.5
714.515	92.8
714.885	91.6
715.256	92.2
715.627	93.4
715.997	92.0
716.368	92.6
716.739	90.2
717.109	91.8
717.480	90.0
717.851	90.9
718.222	90.1
718.593	90.9
718.964	91.3
719.334	89.3
719.705	91.1
720.076	92.2
720.447	91.3
720.818	90.6
721.189	92.9
721.560	92.7
721.931	91.8
722.302	91.2
722.673	90.6
723.045	92.8
723.416	89.8
723.787	92.2
724.158	91.9
724.529	90.4
724.900	89.7
725.272	91.8
725.643	89.8
726.014	92.1
726.385	93.3
726.757	89.4
727.128	91.3
727.499	91.2
727.871	91.9
728.242	91.8
728.614	90.5
728.985	88.0
729.357	92.2
729.728	92.0
730.100	90.5
730.471	92.1
730.843	91.4
731.214	90.8
731.586	91.9
731.957	91.7
732.329	92.7
732.701	94.6
733.072	91.1
733.444	90.4
733.816	90.4
734.187	92.7
734.559	93.1
734.931	94.0
735.303	91.3
735.675	90.7
736.046	93.4
736.418	91.4
736.790	92.5
737.162	93.3
737.534	90.6
737.906	92.4
738.278	89.6
738.650	94.5
739.022	93.5
739.394	92.5
739.766	90.6
740.138	93.6
740.510	92.8
740.882	93.0
741.254	91.8
741.627	91.1
741.999	92.9
742.371	91.5
742.743	91.2
743.115	92.0
743.488	96.0
743.860	92.9
744.232	93.3
744.605	93.5
744.977	92.4
745.349	91.9
745.722	93.0
746.094	90.8
746.466	93.0
746.839	92.9
747.211	90.8
747.584	92.3
747.956	92.2
748.329	92.5
748.701	92.7
749.074	92.6
749.447	91.6
749.819	89.7
750.192	92.2
750.565	92.7
750.937	95.5
751.310	92.1
751.683	91.3
752.055	92.3
752.428	89.3
752.801	91.3
753.174	91.5
753.546	90.6
753.919	90.9
754.292	91.8
754.665	91.5
755.038	92.9
755.411	95.6
755.784	94.6
756.157	90.6
756.530	91.7
756.903	92.8
757.276	90.4
757.649	92.7
758.022	92.1
758.395	91.4
758.768	91.9
759.141	91.7
759.514	91.8
759.887	91.3
760.261	91.2
760.634	90.8
761.007	90.8
761.380	88.6
761.754	92.3
762.127	91.0
762.500	91.1
762.873	89.8
763.247	90.7
763.620	90.7
763.994	92.4
764.367	90.9
764.740	93.1
765.114	91.6
765.487	89.8
765.861	93.9
766.234	91.7
766.608	90.5
766.981	90.3
767.355	92.8
767.729	92.8
768.102	92.1
768.476	91.4
768.849	92.6
769.223	94.1
769.597	91.8
769.970	91.3
770.344	90.7
770.718	91.1
771.092	90.6
771.466	90.3
771.839	91.7
772.213	90.8
772.587	90.6
772.961	90.4
773.335	90.4
773.709	91.3
774.083	92.8
774.457	90.2
774.831	90.4
775.204	88.7
775.579	93.2
775.953	90.5
776.327	88.9
776.701	90.2
777.075	91.5
777.449	92.0
777.823	90.5
778.197	90.1
778.571	90.9
778.945	92.4
779.320	93.2
779.694	92.9
780.068	93.5
780.442	92.0
780.817	92.5
781.191	91.3
781.565	92.5
781.940	92.6
782.314	91.6
782.688	94.1
783.063	93.1
783.437	93.7
783.812	90.8
784.186	90.8
784.561	90.7
784.935	92.5
785.310	90.0
785.684	91.9
786.059	92.6
786.433	93.6
786.808	92.0
787.183	91.2
787.557	92.2
787.932	91.9
788.307	92.2
788.681	91.7
789.056	92.7
789.431	91.7
789.806	90.5
790.180	91.1
790.555	91.7
790.930	92.0
791.305	94.4
791.680	92.2
792.054	91.8
792.429	92.3
792.804	92.0
793.179	91.5
793.554	90.7
793.929	92.3
794.304	93.4
794.679	91.0
795.054	90.3
795.429	90.4
795.804	92.5
796.179	91.4
796.555	94.5
796.930	91.1
797.305	90.1
797.680	90.7
798.055	92.2
798.430	92.6
798.806	92.8
799.181	91.7
799.556	91.2
799.931	93.0
800.307	92.1
800.682	92.7
801.057	89.3
801.433	91.6
801.808	92.5
802.184	91.9
802.559	91.6
802.934	91.7
803.310	93.9
803.685	90.7
804.061	91.9
804.436	89.8
804.812	92.4
805.187	91.8
805.563	89.7
805.939	92.1
806.314	91.7
806.690	92.6
807.065	91.4
807.441	92.5
807.817	91.6
808.193	91.3
808.568	93.5
808.944	92.6
809.320	91.3
809.696	91.0
810.071	92.5
810.447	94.3
810.823	93.4
811.199	93.4
811.575	94.3
811.951	93.0
812.327	92.0
812.703	91.8
813.079	91.8
813.454	92.6
813.830	95.1
814.206	92.3
814.583	88.9
814.959	90.3
815.335	93.6
815.711	93.0
816.087	92.0
816.463	90.2
816.839	91.3
817.215	92.6
817.591	91.4
817.968	90.4
818.344	93.2
818.720	91.7
819.096	94.4
819.473	89.6
819.849	95.5
820.225	92.1
820.602	91.4
820.978	94.8
821.354	93.3
821.731	93.6
822.107	94.4
822.484	90.5
822.860	91.7
823.236	92.3
823.613	93.9
823.989	92.6
824.366	94.8
824.743	92.2
825.119	94.2
825.496	92.9
825.872	92.4
826.249	94.1
826.626	92.6
827.002	91.6
827.379	93.4
827.756	94.7
828.132	91.7
828.509	95.7
828.886	93.1
829.262	92.8
829.639	92.7
830.016	93.2
830.393	92.1
830.770	94.5
831.147	93.6
831.523	90.8
831.900	93.4
832.277	92.1
832.654	94.1
833.031	93.0
833.408	92.5
833.785	94.5
834.162	94.6
834.539	96.1
834.916	94.7
835.293	91.8
835.670	95.4
836.047	93.5
836.425	94.3
836.802	94.1
837.179	93.2
837.556	92.0
837.933	94.3
838.310	92.5
838.688	93.8
839.065	91.3
839.442	94.7
839.819	92.5
840.197	93.6
840.574	93.5
840.951	95.5
841.329	93.9
841.706	94.6
842.083	92.5
842.461	94.1
842.838	94.6
843.216	94.6
843.593	92.6
843.971	92.6
844.348	94.5
844.726	93.3
845.103	92.2
845.481	93.4
845.858	90.2
846.236	93.8
846.614	93.5
846.991	94.8
847.369	91.5
847.747	94.4
848.124	95.4
848.502	92.8
848.880	91.5
849.257	93.9
849.635	92.8
850.013	93.4
850.391	94.2
850.768	92.1
851.146	90.0
851.524	96.5
851.902	93.9
852.280	92.6
852.658	94.5
853.036	94.0
853.414	94.0
853.792	93.3
854.170	94.4
854.548	92.1
854.926	93.9
855.304	91.7
855.682	93.0
856.060	96.4
856.438	92.8
856.816	94.3
857.194	93.2
857.572	91.6
857.950	94.9
858.328	94.4
858.707	93.5
859.085	94.2
859.463	96.4
859.841	93.6
860.220	94.9
860.598	93.2
860.976	95.0
861.354	93.3
861.733	94.1
862.111	94.1
862.489	95.3
862.868	93.6
863.246	95.5
863.625	96.5
864.003	95.1
864.382	95.8
864.760	96.2
865.139	95.6
865.517	97.5
865.896	95.2
866.274	95.5
866.653	93.7
867.031	93.2
867.410	96.1
867.788	95.2
868.167	96.0
868.546	94.4
868.924	94.5
869.303	96.5
869.682	94.0
870.061	94.5
870.439	94.6
870.818	94.5
871.197	94.5
871.576	95.2
871.954	93.3
872.333	94.5
872.712	92.6
873.091	94.5
873.470	94.2
873.849	96.2
874.228	94.2
874.606	93.1
874.985	94.8
875.364	92.5
875.743	96.8
876.122	95.5
876.501	95.1
876.880	93.4
877.259	94.4
877.639	95.5
878.018	95.2
878.397	96.0
878.776	94.3
879.155	95.0
879.534	94.4
879.913	96.0
880.293	96.4
880.672	94.5
881.051	94.6
881.430	94.9
881.809	90.9
882.189	95.6
882.568	95.1
882.947	95.7
883.327	94.5
883.706	94.0
884.085	93.6
884.465	92.9
884.844	95.4
885.224	93.4
885.603	95.3
885.982	92.4
886.362	95.9
886.741	94.3
887.121	93.7
887.500	94.1
887.880	96.5
888.259	94.9
888.639	93.3
889.019	94.3
889.398	95.5
889.778	94.8
890.157	95.4
890.537	96.4
890.917	92.5
891.296	94.2
891.676	94.0
892.056	95.2
892.436	96.6
892.815	95.5
893.195	95.8
893.575	93.6
893.955	94.8
894.335	95.3
894.714	94.6
895.094	96.3
895.474	96.4
895.854	95.0
896.234	95.1
896.614	94.7
896.994	94.7
897.374	93.9
897.754	94.0
898.134	95.1
898.514	95.6
898.894	93.8
899.274	94.9
899.654	94.5
900.034	95.6
900.414	94.7
900.794	93.5
901.174	96.8
901.554	94.2
901.935	94.4
902.315	95.1
902.695	95.2
903.075	94.3
903.455	96.8
903.836	95.9
904.216	93.9
904.596	96.1
904.977	95.6
905.357	96.3
905.737	94.9
