175.633	72.8
175.959	72.9
176.286	70.9
176.612	72.3
176.939	71.9
177.265	74.6
177.592	72.7
177.919	72.0
178.245	73.3
178.572	75.1
178.899	68.8
179.226	75.2
179.553	74.5
179.879	76.1
180.206	73.1
180.533	71.3
180.860	74.3
181.187	74.8
181.514	73.8
181.841	74.9
182.168	74.8
182.496	73.1
182.823	78.4
183.150	73.2
183.477	74.2
183.805	76.6
184.132	76.8
184.459	73.9
184.787	74.7
185.114	76.7
185.442	76.2
185.769	76.4
186.097	76.6
186.424	80.4
186.752	79.3
187.079	78.9
187.407	77.4
187.735	78.5
188.063	76.5
188.390	77.3
188.718	75.0
189.046	77.5
189.374	75.5
189.702	77.5
190.030	77.2
190.358	75.8
190.686	75.8
191.014	77.2
191.342	77.5
191.670	74.8
191.999	76.8
192.327	76.6
192.655	78.4
192.983	77.5
193.312	80.5
193.640	78.3
193.968	77.3
194.297	76.9
194.625	77.7
194.954	77.5
195.282	80.2
195.611	82.0
195.940	81.9
196.268	77.0
196.597	78.9
196.926	81.0
197.254	80.4
197.583	80.3
197.912	83.2
198.241	80.5
198.570	79.0
198.899	79.5
199.228	80.5
199.557	77.0
199.886	79.4
200.215	76.7
200.544	79.3
200.873	81.5
201.202	81.5
201.531	75.8
201.861	82.2
202.190	81.9
202.519	80.1
202.849	80.8
203.178	80.3
203.507	84.0
203.837	81.2
204.166	82.1
204.496	83.2
204.826	82.6
205.155	81.4
205.485	83.6
205.814	83.5
206.144	82.5
206.474	82.1
206.804	80.1
207.133	82.1
207.463	81.0
207.793	81.1
208.123	83.0
208.453	84.6
208.783	84.8
209.113	82.1
209.443	85.9
209.773	80.8
210.103	83.5
210.433	84.8
210.764	82.3
211.094	81.6
211.424	84.1
211.754	82.9
212.085	83.9
212.415	86.2
212.746	78.0
213.076	78.0
213.407	79.1
213.737	83.7
214.068	82.0
214.398	83.3
214.729	82.3
215.059	78.4
215.390	82.9
215.721	78.4
216.052	79.9
216.382	80.8
216.713	77.8
217.044	80.9
217.375	81.5
217.706	78.6
218.037	81.5
218.368	79.3
218.699	82.3
219.030	81.4
219.361	80.8
219.692	82.0
220.023	81.8
220.355	81.0
220.686	81.7
221.017	82.1
221.348	80.9
221.680	80.8
222.011	80.1
222.343	81.3
222.674	82.0
223.006	83.9
223.337	85.7
223.669	81.8
224.000	79.8
224.332	82.0
224.663	82.6
224.995	80.4
225.327	83.9
225.659	81.1
225.990	82.8
226.322	81.8
226.654	83.4
226.986	84.1
227.318	85.4
227.650	84.2
227.982	84.1
228.314	81.6
228.646	83.1
228.978	81.2
229.310	84.3
229.642	83.9
229.975	83.6
230.307	81.1
230.639	83.3
230.972	81.8
231.304	83.0
231.636	81.6
231.969	81.3
232.301	82.5
232.634	82.4
232.966	83.1
233.299	83.3
233.631	84.2
233.964	84.6
234.297	85.1
234.629	82.5
234.962	80.0
235.295	84.9
235.628	83.7
235.960	82.3
236.293	85.3
236.626	83.5
236.959	83.5
237.292	84.6
237.625	83.9
237.958	85.6
238.291	84.8
238.624	85.3
238.957	83.5
239.291	84.5
239.624	82.4
239.957	83.7
240.290	84.0
240.624	85.0
240.957	83.7
241.290	82.8
241.624	84.9
241.957	81.8
242.291	84.5
242.624	84.1
242.958	84.9
243.291	85.2
243.625	85.3
243.959	86.7
244.292	87.7
244.626	88.1
244.960	85.5
245.293	82.2
245.627	83.7
245.961	86.4
246.295	84.5
246.629	87.1
246.963	82.9
247.297	84.8
247.631	84.0
247.965	82.6
248.299	83.9
248.633	83.0
248.967	85.6
249.302	84.4
249.636	83.5
249.970	84.4
250.304	84.6
250.639	82.2
250.973	84.0
251.307	84.9
251.642	85.7
251.976	88.5
252.311	85.2
252.645	86.4
252.980	88.7
253.314	86.4
253.649	87.3
253.984	83.6
254.318	84.0
254.653	86.8
254.988	85.4
255.323	82.6
255.658	84.3
255.992	86.7
256.327	84.6
256.662	84.5
256.997	83.9
257.332	84.7
257.667	84.2
258.002	85.1
258.338	83.2
258.673	86.0
259.008	83.2
259.343	85.7
259.678	83.1
260.014	84.9
260.349	82.0
260.684	86.5
261.020	83.9
261.355	85.5
261.690	84.1
262.026	88.0
262.361	83.3
262.697	85.0
263.032	83.1
263.368	86.6
263.704	85.3
264.039	86.8
264.375	83.8
264.711	85.5
265.047	80.3
265.382	84.9
265.718	90.2
266.054	85.8
266.390	88.4
266.726	86.2
267.062	86.9
267.398	86.6
267.734	86.0
268.070	86.9
268.406	85.8
268.742	86.8
269.079	87.6
269.415	89.6
269.751	85.6
270.087	85.6
270.424	85.0
270.760	86.1
271.096	82.1
271.433	84.7
271.769	83.8
272.106	86.4
272.442	83.9
272.779	86.5
273.115	85.3
273.452	84.8
273.789	86.8
274.125	84.3
274.462	87.0
274.799	87.4
275.135	85.4
275.472	86.5
275.809	83.8
276.146	85.6
276.483	86.2
276.820	86.4
277.157	84.8
277.494	86.3
277.831	85.0
278.168	87.0
278.505	84.1
278.842	84.1
279.179	84.0
279.516	87.4
279.854	85.4
280.191	85.4
280.528	84.1
280.866	86.1
281.203	84.7
281.540	86.3
281.878	85.9
282.215	84.3
282.553	87.6
282.890	86.5
283.228	86.0
283.566	86.0
283.903	89.2
284.241	88.6
284.579	87.3
284.916	86.9
285.254	85.6
285.592	85.6
285.930	86.6
286.268	87.3
286.605	85.4
286.943	87.9
287.281	88.4
287.619	86.7
287.957	84.6
288.295	86.1
288.633	84.7
288.972	86.9
289.310	86.4
289.648	89.2
289.986	88.2
290.324	87.9
290.663	87.0
291.001	88.5
291.339	88.1
291.678	88.2
292.016	86.6
292.355	85.7
292.693	85.5
293.032	86.9
293.370	87.4
293.709	86.8
294.047	85.8
294.386	86.3
294.725	84.8
295.063	88.0
295.402	86.6
295.741	86.2
296.080	83.5
296.419	86.7
296.758	87.0
297.096	87.5
297.435	84.8
297.774	88.5
298.113	90.9
298.452	89.6
298.791	88.4
299.131	90.2
299.470	87.0
299.809	90.7
300.148	86.3
300.487	87.5
300.827	86.1
301.166	86.6
301.505	88.2
301.845	85.9
302.184	86.1
302.523	86.8
302.863	85.7
303.202	87.4
303.542	84.7
303.881	86.8
304.221	88.5
304.561	90.2
304.900	86.3
305.240	90.6
305.580	90.0
305.920	87.5
306.259	86.6
306.599	88.5
306.939	88.6
307.279	89.2
307.619	89.6
307.959	89.0
308.299	85.6
308.639	85.3
308.979	90.5
309.319	88.5
309.659	87.7
309.999	88.0
310.339	87.7
310.679	87.9
311.020	88.7
311.360	89.8
311.700	87.0
312.041	86.0
312.381	87.6
312.721	86.6
313.062	87.5
313.402	85.6
313.743	84.2
314.083	89.3
314.424	82.8
314.764	86.8
315.105	88.7
315.446	86.8
315.786	85.1
316.127	86.8
316.468	84.8
316.809	89.0
317.149	85.0
317.490	84.6
317.831	86.7
318.172	87.6
318.513	88.3
318.854	89.7
319.195	86.4
319.536	90.0
319.877	90.8
320.218	89.3
320.559	89.0
320.901	89.3
321.242	85.8
321.583	86.2
321.924	89.5
322.266	87.6
322.607	86.2
322.948	90.4
323.290	90.1
323.631	90.8
323.972	91.4
324.314	89.2
324.655	90.0
324.997	90.7
325.339	89.3
325.680	89.4
326.022	89.1
326.364	87.7
326.705	88.4
327.047	89.5
327.389	87.2
327.731	88.4
328.072	86.7
328.414	86.8
328.756	85.4
329.098	87.7
329.440	88.7
329.782	90.1
330.124	88.5
330.466	90.1
330.808	93.3
331.150	95.5
331.492	89.4
331.835	90.6
332.177	88.1
332.519	87.7
332.861	85.5
333.204	85.7
333.546	83.5
333.888	85.6
334.231	85.1
334.573	85.1
334.916	86.6
335.258	87.6
335.601	88.2
335.943	86.1
336.286	84.9
336.628	85.0
336.971	88.2
337.314	88.4
337.657	87.9
337.999	90.5
338.342	88.3
338.685	88.1
339.028	89.2
339.371	87.5
339.714	87.4
340.056	89.1
340.399	86.6
340.742	85.7
341.085	83.2
341.429	83.0
341.772	89.0
342.115	84.2
342.458	86.5
342.801	86.4
343.144	84.9
343.488	86.4
343.831	85.3
344.174	85.7
344.517	87.8
344.861	87.7
345.204	91.8
345.548	86.2
345.891	87.4
346.235	87.0
346.578	84.0
346.922	85.9
347.265	84.7
347.609	86.1
347.953	85.1
348.296	85.4
348.640	86.2
348.984	86.7
349.328	88.7
349.671	90.3
350.015	86.8
350.359	85.7
350.703	87.6
351.047	89.0
351.391	86.2
351.735	84.5
352.079	83.0
352.423	84.7
352.767	86.5
353.111	86.9
353.455	85.0
353.800	83.2
354.144	85.7
354.488	86.5
354.832	85.4
355.177	85.7
355.521	84.3
355.865	87.0
356.210	87.2
356.554	87.0
356.899	88.4
357.243	89.6
357.588	88.1
357.932	86.9
358.277	86.3
358.621	87.3
358.966	86.0
359.311	89.7
359.655	89.3
360.000	89.2
360.345	87.0
360.690	87.9
361.035	85.4
361.379	86.9
361.724	87.2
362.069	86.8
362.414	83.0
362.759	85.7
363.104	87.9
363.449	86.1
363.794	86.3
364.139	84.7
364.485	82.2
364.830	85.2
365.175	85.0
365.520	87.6
365.865	86.1
366.211	87.2
366.556	85.2
366.901	86.1
367.247	83.4
367.592	84.5
367.938	84.8
368.283	87.1
368.629	84.9
368.974	85.9
369.320	85.4
369.665	83.4
370.011	85.6
370.357	86.1
370.702	84.1
371.048	84.7
371.394	86.0
371.740	85.4
372.085	83.0
372.431	84.1
372.777	84.4
373.123	83.5
373.469	85.5
373.815	87.4
374.161	82.4
374.507	85.6
374.853	89.1
375.199	84.2
375.545	85.5
375.891	85.4
376.238	85.1
376.584	85.2
376.930	86.4
377.276	88.3
377.623	85.9
377.969	85.7
378.315	86.4
378.662	85.8
379.008	86.2
379.355	90.0
379.701	88.7
380.048	90.9
380.394	89.2
380.741	87.5
381.087	88.6
381.434	85.3
381.781	85.6
382.127	87.2
382.474	86.0
382.821	89.0
383.168	87.0
383.514	88.6
383.861	89.7
384.208	89.6
384.555	88.4
384.902	89.2
385.249	87.6
385.596	88.9
385.943	85.8
386.290	86.9
386.637	86.5
386.984	88.0
387.331	85.8
387.679	88.8
388.026	89.9
388.373	88.1
388.720	88.0
389.068	84.2
389.415	86.4
389.762	84.9
390.110	86.9
390.457	90.3
390.804	87.6
391.152	86.9
391.499	84.3
391.847	86.3
392.195	87.4
392.542	87.1
392.890	87.9
393.237	86.6
393.585	86.5
393.933	90.1
394.281	87.3
394.628	90.1
394.976	88.8
395.324	89.8
395.672	89.3
396.020	87.4
396.368	83.9
396.716	86.5
397.064	89.2
397.412	89.7
397.760	86.7
398.108	85.1
398.456	85.8
398.804	85.2
399.152	83.6
399.500	85.5
399.849	88.2
400.197	85.9
400.545	84.5
400.893	86.9
401.242	86.3
401.590	86.2
401.939	86.7
402.287	86.9
402.635	85.3
402.984	86.3
403.332	86.1
403.681	86.7
404.030	85.4
404.378	87.1
404.727	89.6
405.075	95.4
405.424	103.5
405.773	107.4
406.122	101.6
406.470	90.9
406.819	86.4
407.168	90.0
407.517	87.2
407.866	89.2
408.215	89.4
408.564	90.2
408.913	87.5
409.262	89.1
409.611	88.1
409.960	87.1
410.309	85.4
410.658	90.8
411.007	87.5
411.357	87.0
411.706	90.5
412.055	89.2
412.404	88.5
412.754	84.7
413.103	86.9
413.452	87.9
413.802	84.5
414.151	85.2
414.501	86.8
414.850	86.0
415.200	86.2
415.549	87.7
415.899	87.9
416.248	84.3
416.598	85.4
416.948	84.9
417.297	86.2
417.647	83.9
417.997	86.6
418.347	84.2
418.697	83.0
419.046	87.9
419.396	89.2
419.746	86.5
420.096	88.7
420.446	88.6
420.796	86.7
421.146	87.7
421.496	90.9
421.846	87.5
422.196	91.2
422.546	89.1
422.897	89.1
423.247	89.1
423.597	91.3
423.947	89.0
424.298	90.2
424.648	88.2
424.998	87.4
425.349	89.2
425.699	89.4
426.049	89.4
426.400	91.6
426.750	90.6
427.101	91.1
427.451	89.8
427.802	91.7
428.153	88.7
428.503	88.6
428.854	91.6
429.205	91.4
429.555	93.8
429.906	91.7
430.257	90.6
430.608	96.1
430.958	93.6
431.309	93.8
431.660	94.0
432.011	91.5
432.362	91.9
432.713	93.7
433.064	93.6
433.415	96.1
433.766	97.0
434.117	94.8
434.468	94.6
434.819	97.8
435.171	95.5
435.522	98.4
435.873	104.3
436.224	115.1
436.576	143.5
436.927	154.3
437.278	137.6
437.630	105.4
437.981	96.0
438.333	95.6
438.684	95.7
439.035	93.9
439.387	95.2
439.739	96.1
440.090	95.0
440.442	94.2
440.793	94.4
441.145	94.5
441.497	94.5
441.848	95.4
442.200	94.8
442.552	92.6
442.904	95.9
443.256	93.9
443.607	95.2
443.959	94.6
444.311	95.4
444.663	95.6
445.015	95.5
445.367	95.3
445.719	94.9
446.071	96.2
446.423	96.0
446.776	93.6
447.128	98.4
447.480	95.1
447.832	93.3
448.184	95.4
448.537	94.5
448.889	93.1
449.241	96.7
449.594	94.5
449.946	94.8
450.298	94.9
450.651	93.4
451.003	93.8
451.356	96.1
451.708	94.6
452.061	92.9
452.413	94.2
452.766	93.1
453.119	97.2
453.471	93.8
453.824	97.2
454.177	95.7
454.529	94.8
454.882	96.0
455.235	95.6
455.588	95.9
455.941	93.6
456.294	96.1
456.647	92.8
456.999	93.8
457.352	95.1
457.705	95.4
458.058	94.7
458.412	95.5
458.765	95.6
459.118	94.3
459.471	95.0
459.824	93.1
460.177	93.5
460.530	96.3
460.884	96.6
461.237	95.7
461.590	93.9
461.944	93.9
462.297	94.9
462.650	93.9
463.004	95.6
463.357	95.2
463.711	94.8
464.064	94.0
464.418	95.6
464.771	94.9
465.125	94.2
465.479	97.5
465.832	93.8
466.186	95.2
466.540	94.9
466.893	93.9
467.247	95.2
467.601	94.4
467.955	95.0
468.309	95.6
468.662	95.4
469.016	94.7
469.370	94.0
469.724	96.0
470.078	94.4
470.432	95.4
470.786	92.9
471.140	93.8
471.494	95.2
471.849	96.3
472.203	93.6
472.557	95.5
472.911	92.9
473.265	93.1
473.620	93.0
473.974	95.5
474.328	94.5
474.682	94.1
475.037	94.1
475.391	93.2
475.746	94.3
476.100	95.3
476.455	92.7
476.809	91.7
477.164	93.2
477.518	94.2
477.873	92.8
478.227	95.8
478.582	95.5
478.937	93.5
479.291	95.2
479.646	94.5
480.001	91.8
480.356	94.2
480.711	94.2
481.065	91.9
481.420	92.6
481.775	94.4
482.130	94.8
482.485	95.4
482.840	95.5
483.195	93.7
483.550	98.3
483.905	95.4
484.260	96.2
484.615	98.9
484.970	99.0
485.326	100.2
485.681	101.4
486.036	103.8
486.391	103.4
486.747	105.2
487.102	107.6
487.457	107.6
487.813	106.2
488.168	105.9
488.523	107.3
488.879	106.1
489.234	104.7
489.590	106.0
489.945	106.9
490.301	105.2
490.656	103.8
491.012	104.8
491.368	103.3
491.723	103.4
492.079	102.1
492.435	103.9
492.791	103.9
493.146	100.9
493.502	101.5
493.858	100.7
494.214	100.8
494.570	101.3
494.926	100.3
495.281	98.5
495.637	98.4
495.993	99.1
496.349	98.5
496.705	98.3
497.062	97.3
497.418	97.6
497.774	98.2
498.130	98.9
498.486	100.9
498.842	100.5
499.199	100.1
499.555	99.6
499.911	95.6
500.267	95.9
500.624	96.6
500.980	93.4
501.337	93.6
501.693	94.4
502.049	92.7
502.406	93.4
502.762	94.1
503.119	92.4
503.475	93.3
503.832	92.4
504.189	91.2
504.545	93.4
504.902	91.3
505.259	93.8
505.615	91.8
505.972	92.4
506.329	91.7
506.686	91.9
507.043	90.6
507.399	92.1
507.756	91.6
508.113	89.4
508.470	90.8
508.827	91.3
509.184	90.4
509.541	88.9
509.898	94.5
510.255	88.9
510.612	90.1
510.969	90.4
511.327	91.8
511.684	91.5
512.041	92.2
512.398	92.2
512.755	91.2
513.113	92.7
513.470	89.8
513.827	90.1
514.185	91.2
514.542	92.7
514.900	92.2
515.257	92.2
515.614	91.1
515.972	93.6
516.329	93.0
516.687	91.0
517.045	90.9
517.402	93.7
517.760	92.6
518.117	90.2
518.475	89.9
518.833	89.7
519.191	91.8
519.548	91.5
519.906	90.8
520.264	91.3
520.622	89.6
520.980	91.3
521.338	91.2
521.695	91.0
522.053	91.4
522.411	90.4
522.769	90.1
523.127	90.2
523.485	90.9
523.844	91.9
524.202	91.2
524.560	90.9
524.918	89.8
525.276	92.6
525.634	90.4
525.993	91.1
526.351	91.4
526.709	90.7
527.067	87.0
527.426	91.4
527.784	89.5
528.143	94.1
528.501	91.4
528.859	92.4
529.218	90.7
529.576	91.0
529.935	90.2
530.293	90.3
530.652	91.8
531.011	89.2
531.369	90.4
531.728	91.9
532.087	88.6
532.445	89.6
532.804	92.8
533.163	93.3
533.522	91.4
533.880	93.2
534.239	92.4
534.598	91.9
534.957	92.7
535.316	94.7
535.675	92.6
536.034	91.4
536.393	91.1
536.752	91.8
537.111	94.4
537.470	91.9
537.829	92.8
538.188	93.6
538.547	92.6
538.907	94.0
539.266	98.5
539.625	99.3
539.984	98.7
540.344	101.7
540.703	105.0
541.062	107.2
541.422	108.1
541.781	115.4
542.140	121.8
542.500	134.7
542.859	142.7
543.219	149.3
543.578	150.5
543.938	150.3
544.297	151.8
544.657	149.6
545.017	148.2
545.376	143.2
545.736	142.3
546.096	140.9
546.455	147.3
546.815	164.2
547.175	166.2
547.535	143.6
547.895	119.8
548.254	111.3
548.614	111.8
548.974	109.7
549.334	109.0
549.694	111.5
550.054	107.1
550.414	110.0
550.774	107.5
551.134	103.7
551.494	104.8
551.854	105.1
552.215	101.8
552.575	104.7
552.935	100.9
553.295	102.4
553.655	103.9
554.016	100.1
554.376	97.4
554.736	97.6
555.097	94.9
555.457	92.9
555.817	94.3
556.178	91.5
556.538	92.3
556.899	92.5
557.259	91.0
557.620	91.3
557.980	88.5
558.341	90.5
558.701	92.4
559.062	89.0
559.423	88.8
559.783	91.2
560.144	90.1
560.505	91.4
560.866	90.5
561.226	91.2
561.587	90.9
561.948	88.7
562.309	88.4
562.670	91.5
563.031	91.1
563.391	90.8
563.752	90.1
564.113	91.5
564.474	90.8
564.835	90.3
565.197	91.0
565.558	91.0
565.919	90.3
566.280	92.6
566.641	90.6
567.002	89.9
567.363	90.2
567.725	91.2
568.086	91.2
568.447	95.2
568.808	101.9
569.170	120.6
569.531	133.7
569.893	129.1
570.254	113.0
570.615	95.6
570.977	92.4
571.338	91.0
571.700	91.8
572.061	90.6
572.423	91.0
572.785	93.4
573.146	93.2
573.508	91.3
573.869	92.1
574.231	91.9
574.593	94.6
574.955	95.7
575.316	95.4
575.678	94.2
576.040	92.8
576.402	91.6
576.764	94.1
577.126	96.2
577.487	100.5
577.849	103.2
578.211	100.6
578.573	96.6
578.935	96.6
579.297	99.9
579.659	99.5
580.022	104.4
580.384	106.1
580.746	101.7
581.108	103.0
581.470	104.8
581.832	104.7
582.195	101.4
582.557	102.4
582.919	104.7
583.281	106.3
583.644	107.9
584.006	111.4
584.368	113.6
584.731	113.4
585.093	113.8
585.456	114.4
585.818	115.3
586.181	114.1
586.543	116.4
586.906	117.7
587.268	120.6
587.631	128.8
587.994	137.4
588.356	154.4
588.719	211.8
589.082	546.3
589.445	1616.0
589.807	3122.4
590.170	3438.4
590.533	3267.8
590.896	1988.2
591.259	706.6
591.621	170.5
591.984	129.4
592.347	118.7
592.710	114.9
593.073	111.5
593.436	108.6
593.799	109.3
594.162	109.1
594.525	105.1
594.888	105.1
595.252	99.4
595.615	98.7
595.978	97.1
596.341	95.7
596.704	97.5
597.068	96.0
597.431	98.4
597.794	95.4
598.157	96.8
598.521	96.1
598.884	96.5
599.248	98.0
599.611	99.6
599.974	98.1
600.338	99.4
600.701	99.7
601.065	96.6
601.428	96.3
601.792	94.1
602.156	96.6
602.519	95.0
602.883	94.2
603.247	92.8
603.610	95.2
603.974	94.7
604.338	93.6
604.701	91.4
605.065	92.1
605.429	92.3
605.793	95.9
606.157	92.7
606.521	91.3
606.885	93.5
607.248	94.6
607.612	93.4
607.976	92.5
608.340	95.3
608.704	95.2
609.069	94.9
609.433	94.7
609.797	97.7
610.161	100.7
610.525	105.8
610.889	111.3
611.253	128.1
611.618	154.9
611.982	183.2
612.346	189.8
612.710	171.2
613.075	143.6
613.439	127.7
613.803	120.9
614.168	116.6
614.532	116.1
614.897	113.6
615.261	114.9
615.626	114.1
615.990	113.8
616.355	114.4
616.719	114.4
617.084	109.4
617.448	106.8
617.813	100.6
618.178	99.1
618.542	98.6
618.907	99.0
619.272	97.2
619.637	98.8
620.001	98.4
620.366	100.1
620.731	101.8
621.096	101.7
621.461	100.6
621.826	102.1
622.190	102.5
622.555	100.9
622.920	99.3
623.285	97.8
623.650	99.6
624.015	97.9
624.380	99.5
624.746	97.8
625.111	98.1
625.476	99.8
625.841	99.7
626.206	97.7
626.571	95.8
626.937	95.7
627.302	93.5
627.667	94.7
628.032	95.5
628.398	94.9
628.763	94.5
629.128	93.8
629.494	96.2
629.859	95.9
630.225	96.3
630.590	97.5
630.956	99.7
631.321	98.8
631.687	101.8
632.052	103.6
632.418	99.0
632.783	98.9
633.149	95.2
633.515	94.8
633.880	91.2
634.246	92.7
634.612	91.0
634.978	93.5
635.343	92.2
635.709	91.0
636.075	91.5
636.441	89.2
636.807	93.7
637.173	93.4
637.538	90.2
637.904	90.9
638.270	90.3
638.636	92.3
639.002	92.6
639.368	90.0
639.734	89.9
640.101	93.0
640.467	88.9
640.833	90.4
641.199	91.0
641.565	90.4
641.931	93.0
642.297	90.9
642.664	89.8
643.030	88.4
643.396	89.5
643.763	89.7
644.129	90.1
644.495	89.5
644.862	91.2
645.228	90.7
645.594	90.1
645.961	91.5
646.327	90.9
646.694	89.0
647.060	90.7
647.427	91.9
647.793	89.7
648.160	91.3
648.527	87.5
648.893	90.8
649.260	89.9
649.627	93.4
649.993	91.3
650.360	91.0
650.727	92.5
651.094	91.8
651.460	93.3
651.827	92.6
652.194	92.9
652.561	90.4
652.928	88.6
653.295	91.9
653.662	90.6
654.029	92.9
654.396	90.3
654.763	92.6
655.130	91.6
655.497	91.1
655.864	90.8
656.231	93.7
656.598	91.9
656.965	91.5
657.332	91.2
657.699	90.8
658.067	90.0
658.434	91.2
658.801	91.1
659.168	90.8
659.536	90.8
659.903	91.0
660.270	89.7
660.638	91.8
661.005	89.7
661.373	90.8
661.740	91.3
662.108	92.5
662.475	92.3
662.843	93.7
663.210	93.8
663.578	92.3
663.945	92.5
664.313	90.8
664.680	90.1
665.048	90.9
665.416	93.2
665.783	91.4
666.151	92.0
666.519	90.5
666.887	90.0
667.254	90.1
667.622	92.0
667.990	91.9
668.358	92.7
668.726	91.0
669.094	91.5
669.462	90.6
669.830	92.5
670.197	93.1
670.565	89.3
670.933	90.5
671.302	90.5
671.670	90.2
672.038	90.8
672.406	90.3
672.774	91.3
673.142	90.1
673.510	91.1
673.878	88.2
674.247	92.4
674.615	90.5
674.983	89.3
675.351	90.4
675.720	88.3
676.088	90.7
676.456	88.9
676.825	89.6
677.193	89.3
677.561	91.3
677.930	89.1
678.298	90.8
678.667	90.2
679.035	90.2
679.404	92.7
679.772	90.0
680.141	91.5
680.510	90.0
680.878	90.3
681.247	89.8
681.616	90.1
681.984	88.7
682.353	90.3
682.722	91.6
683.090	90.3
683.459	89.5
683.828	90.1
684.197	91.6
684.566	90.0
684.934	90.3
685.303	90.5
685.672	88.1
686.041	89.7
686.410	91.2
686.779	89.6
687.148	91.1
687.517	89.1
687.886	90.5
688.255	91.9
688.624	91.2
688.993	90.7
689.363	89.4
689.732	89.8
690.101	88.0
690.470	88.8
690.839	91.8
691.208	91.2
691.578	88.7
691.947	90.4
692.316	90.3
692.686	91.6
693.055	90.6
693.424	91.1
693.794	91.5
694.163	90.7
694.533	92.6
694.902	93.2
695.272	88.7
695.641	88.7
696.011	91.6
696.380	91.9
696.750	91.3
697.119	93.8
697.489	93.9
697.859	91.7
698.228	90.7
698.598	89.8
698.968	92.3
699.337	91.2
699.707	90.9
700.077	89.7
700.447	90.5
700.816	91.0
701.186	92.3
701.556	91.4
701.926	91.2
702.296	93.0
702.666	90.9
703.036	91.7
703.406	92.5
703.776	92.3
704.146	90.2
704.516	92.3
704.886	91.8
705.256	91.8
705.626	94.9
705.996	91.3
706.366	93.8
706.736	92.4
707.106	95.6
707.477	96.2
707.847	97.5
708.217	96.8
708.587	94.0
708.958	95.5
709.328	96.9
709.698	96.8
710.069	96.4
710.439	93.0
710.809	92.5
711.180	91.7
711.550	92.9
711.921	93.4
712.291	94.3
712.662	95.7
713.032	96.2
713.403	94.9
713.773	94.9
714.144	94.7
714.515	92.3
714.885	93.2
715.256	91.5
715.627	94.9
715.997	93.1
716.368	93.2
716.739	92.0
717.109	91.3
717.480	91.6
717.851	91.8
718.222	91.0
718.593	93.2
718.964	91.6
719.334	90.7
719.705	91.5
720.076	93.0
720.447	92.6
720.818	92.0
721.189	92.8
721.560	94.1
721.931	92.6
722.302	92.7
722.673	92.5
723.045	93.4
723.416	91.4
723.787	93.8
724.158	91.8
724.529	90.8
724.900	92.2
725.272	91.4
725.643	91.3
726.014	92.4
726.385	93.3
726.757	91.6
727.128	93.6
727.499	91.6
727.871	92.9
728.242	94.4
728.614	92.6
728.985	90.7
729.357	91.4
729.728	93.9
730.100	91.1
730.471	92.0
730.843	92.5
731.214	90.7
731.586	92.5
731.957	92.4
732.329	94.0
732.701	94.3
733.072	90.3
733.444	90.6
733.816	91.5
734.187	93.8
734.559	92.5
734.931	93.6
735.303	92.3
735.675	92.9
736.046	94.9
736.418	92.9
736.790	93.9
737.162	94.1
737.534	92.6
737.906	92.8
738.278	92.7
738.650	96.4
739.022	97.9
739.394	96.2
739.766	93.0
740.138	94.6
740.510	93.8
740.882	95.4
741.254	92.2
741.627	91.4
741.999	93.6
742.371	92.0
742.743	92.7
743.115	93.2
743.488	97.1
743.860	92.3
744.232	93.7
744.605	94.4
744.977	94.2
745.349	94.6
745.722	95.2
746.094	92.7
746.466	93.7
746.839	94.9
747.211	91.4
747.584	92.6
747.956	94.6
748.329	95.8
748.701	94.1
749.074	94.1
749.447	92.8
749.819	92.0
750.192	95.4
750.565	96.1
750.937	99.6
751.310	97.3
751.683	97.9
752.055	98.1
752.428	96.7
752.801	93.6
753.174	93.7
753.546	94.2
753.919	93.1
754.292	92.4
754.665	93.8
755.038	94.0
755.411	97.0
755.784	95.1
756.157	93.1
756.530	93.3
756.903	94.0
757.276	92.8
757.649	93.8
758.022	94.5
758.395	93.5
758.768	93.8
759.141	93.1
759.514	94.0
759.887	92.1
760.261	94.6
760.634	91.1
761.007	92.4
761.380	90.3
761.754	93.4
762.127	91.3
762.500	92.6
762.873	91.8
763.247	93.3
763.620	99.0
763.994	107.2
764.367	106.1
764.740	101.3
765.114	94.6
765.487	92.5
765.861	97.7
766.234	101.3
766.608	170.6
766.981	288.4
767.355	298.0
767.729	188.9
768.102	118.3
768.476	101.1
768.849	97.7
769.223	97.0
769.597	97.9
769.970	153.2
770.344	253.8
770.718	273.2
771.092	181.0
771.466	117.7
771.839	98.7
772.213	95.8
772.587	95.7
772.961	98.8
773.335	98.1
773.709	94.5
774.083	93.7
774.457	93.0
774.831	93.4
775.204	91.4
775.579	93.3
775.953	90.1
776.327	91.3
776.701	92.0
777.075	92.4
777.449	93.5
777.823	92.3
778.197	91.9
778.571	92.0
778.945	92.5
779.320	96.2
779.694	93.6
780.068	92.7
780.442	93.0
780.817	93.4
781.191	94.6
781.565	92.0
781.940	93.8
782.314	92.4
782.688	93.7
783.063	93.8
783.437	93.7
783.812	92.0
784.186	92.4
784.561	93.4
784.935	93.7
785.310	92.0
785.684	94.0
786.059	92.1
786.433	94.4
786.808	92.4
787.183	91.9
787.557	94.3
787.932	92.5
788.307	91.2
788.681	93.5
789.056	93.6
789.431	91.8
789.806	92.5
790.180	92.3
790.555	91.7
790.930	93.3
791.305	94.6
791.680	92.1
792.054	92.7
792.429	93.3
792.804	92.5
793.179	92.3
793.554	93.1
793.929	91.4
794.304	95.2
794.679	91.3
795.054	94.1
795.429	95.6
795.804	95.5
796.179	92.8
796.555	95.0
796.930	92.0
797.305	89.7
797.680	93.3
798.055	94.5
798.430	93.2
798.806	91.9
799.181	93.6
799.556	91.2
799.931	94.4
800.307	94.1
800.682	92.3
801.057	91.8
801.433	95.0
801.808	95.0
802.184	97.4
802.559	94.4
802.934	93.2
803.310	95.0
803.685	92.0
804.061	93.0
804.436	91.7
804.812	93.8
805.187	92.3
805.563	90.4
805.939	92.2
806.314	91.5
806.690	92.7
807.065	92.9
807.441	93.5
807.817	91.7
808.193	92.5
808.568	95.1
808.944	93.7
809.320	90.8
809.696	91.2
810.071	92.8
810.447	96.6
810.823	98.2
811.199	98.7
811.575	100.1
811.951	107.0
812.327	108.9
812.703	98.5
813.079	95.2
813.454	93.0
813.830	94.6
814.206	92.0
814.583	90.2
814.959	91.2
815.335	96.0
815.711	92.5
816.087	93.3
816.463	93.2
816.839	92.1
817.215	92.6
817.591	92.6
817.968	92.2
818.344	112.4
818.720	157.9
819.096	170.6
819.473	149.5
819.849	194.1
820.225	208.6
820.602	149.7
820.978	107.6
821.354	99.0
821.731	96.9
822.107	96.3
822.484	93.0
822.860	94.2
823.236	94.8
823.613	93.9
823.989	94.1
824.366	95.5
824.743	94.6
825.119	94.7
825.496	93.3
825.872	93.1
826.249	94.4
826.626	95.5
827.002	93.2
827.379	95.4
827.756	95.4
828.132	90.9
828.509	95.5
828.886	95.0
829.262	92.5
829.639	93.1
830.016	92.8
830.393	92.5
830.770	94.3
831.147	92.8
831.523	92.3
831.900	94.7
832.277	92.3
832.654	92.6
833.031	93.3
833.408	91.9
833.785	94.8
834.162	95.4
834.539	94.7
834.916	93.2
835.293	93.8
835.670	94.9
836.047	95.9
836.425	94.4
836.802	92.2
837.179	92.8
837.556	92.0
837.933	93.7
838.310	94.0
838.688	94.4
839.065	92.9
839.442	97.8
839.819	92.4
840.197	94.4
840.574	92.9
840.951	95.1
841.329	98.5
841.706	97.9
842.083	94.0
842.461	93.4
842.838	98.7
843.216	98.2
843.593	95.3
843.971	95.1
844.348	95.7
844.726	93.4
845.103	92.7
845.481	95.0
845.858	92.3
846.236	95.0
846.614	93.4
846.991	93.1
847.369	91.9
847.747	94.9
848.124	95.9
848.502	93.4
848.880	93.9
849.257	92.8
849.635	94.5
850.013	92.2
850.391	93.8
850.768	93.9
851.146	91.9
851.524	96.0
851.902	94.8
852.280	92.2
852.658	95.3
853.036	95.3
853.414	94.1
853.792	93.9
854.170	95.7
854.548	92.3
854.926	94.0
855.304	91.8
855.682	93.3
856.060	95.5
856.438	93.5
856.816	93.8
857.194	93.3
857.572	92.0
857.950	94.6
858.328	94.5
858.707	93.6
859.085	95.0
859.463	94.8
859.841	93.5
860.220	94.2
860.598	93.4
860.976	95.0
861.354	93.2
861.733	94.0
862.111	95.9
862.489	94.2
862.868	94.1
863.246	95.8
863.625	97.9
864.003	96.4
864.382	97.1
864.760	96.3
865.139	94.3
865.517	96.2
865.896	95.7
866.274	96.8
866.653	93.7
867.031	94.2
867.410	95.3
867.788	94.1
868.167	97.2
868.546	95.5
868.924	94.3
869.303	95.8
869.682	94.1
870.061	93.6
870.439	95.1
870.818	96.2
871.197	95.3
871.576	95.3
871.954	93.4
872.333	93.0
872.712	93.3
873.091	94.7
873.470	94.4
873.849	96.8
874.228	93.9
874.606	94.3
874.985	92.1
875.364	92.6
875.743	96.4
876.122	95.6
876.501	94.3
876.880	92.1
877.259	94.6
877.639	94.3
878.018	95.6
878.397	95.6
878.776	94.1
879.155	93.9
879.534	92.9
879.913	94.9
880.293	96.1
880.672	93.0
881.051	92.5
881.430	95.2
881.809	90.7
882.189	94.7
882.568	95.1
882.947	95.4
883.327	94.7
883.706	95.7
884.085	93.2
884.465	92.1
884.844	94.2
885.224	92.5
885.603	95.7
885.982	93.1
886.362	95.5
886.741	93.1
887.121	93.7
887.500	93.7
887.880	94.4
888.259	94.8
888.639	92.1
889.019	95.2
889.398	95.2
889.778	94.2
890.157	95.7
890.537	95.2
890.917	92.8
891.296	96.6
891.676	94.6
892.056	93.0
892.436	94.6
892.815	96.2
893.195	95.5
893.575	94.2
893.955	94.5
894.335	94.6
894.714	94.4
895.094	96.0
895.474	95.1
895.854	93.9
896.234	95.3
896.614	93.0
896.994	95.5
897.374	94.2
897.754	93.6
898.134	95.7
898.514	95.6
898.894	92.8
899.274	94.4
899.654	94.8
900.034	94.6
900.414	95.1
900.794	95.4
901.174	95.3
901.554	93.8
901.935	95.0
902.315	94.5
902.695	96.8
903.075	94.3
903.455	95.8
903.836	94.9
904.216	94.5
904.596	95.2
904.977	95.6
905.357	97.1
905.737	94.2
